88.74, 2.9, 3.8, 85.69, 4.0, 5.9, 0, 0, 0, 1, 0, 1, 0, 0, 0, 0, 0, 0, 1, 0, 0, 0, 0
89.75, 2.5, 3.0, 0, 0, 0, 0, 0, 0, 0, 1, 1, 0, 0, 0, 0, 0, 0, 0, 0, 0, 1, 0
98.21, 1.3, 2.0, 87.72, 3.3, 5.4, 0, 0, 0, 0, 0, 1, 0, 0, 0, 0, 0, 0, 0, 0, 0, 0, 0
89.75, 2.5, 3.8, 78.25, 4.8, 7.1, 0, 1, 0, 0, 0, 1, 0, 0, 0, 0, 0, 1, 0, 0, 0, 0, 0
87.72, 3.3, 4.0, 84.68, 4.4, 6.4, 0, 0, 0, 0, 0, 1, 0, 0, 0, 0, 0, 0, 0, 0, 0, 0, 0
96.18, 2.1, 3.4, 84.68, 4.4, 6.3, 0, 1, 0, 0, 0, 1, 0, 0, 0, 0, 0, 0, 0, 0, 0, 0, 0
89.75, 2.5, 3.6, 79.26, 4.4, 6.3, 0, 1, 0, 0, 0, 1, 0, 0, 0, 0, 0, 0, 0, 0, 0, 0, 0
89.75, 2.5, 2.5, 80.28, 4.1, 4.7, 1, 0, 0, 0, 1, 1, 0, 0, 0, 0, 0, 0, 0, 0, 0, 0, 0
98.21, 1.3, 2.4, 88.74, 2.9, 4.9, 0, 0, 0, 1, 0, 1, 0, 1, 0, 0, 0, 0, 0, 0, 0, 0, 0
89.75, 2.5, 4.4, 79.26, 4.4, 6.5, 0, 0, 0, 0, 0, 1, 0, 0, 0, 0, 0, 0, 0, 0, 0, 0, 0
78.25, 4.8, 5.4, 0, 0, 0, 0, 0, 0, 0, 0, 0, 0, 0, 0, 0, 0, 1, 0, 1, 0, 0, 0
89.75, 2.5, 3.0, 79.26, 4.4, 5.9, 1, 1, 0, 0, 0, 0, 0, 0, 0, 0, 0, 0, 0, 1, 0, 0, 0
98.21, 1.3, 2.4, 87.72, 3.3, 4.7, 1, 0, 0, 1, 1, 0, 0, 0, 0, 0, 0, 0, 0, 0, 0, 0, 0
89.75, 2.5, 3.1, 97.2, 1.7, 4.5, 0, 0, 0, 0, 0, 1, 0, 0, 0, 0, 0, 0, 0, 0, 0, 0, 0
72.83, 4.8, 9.7, 97.2, 1.7, 3.0, 0, 0, 0, 0, 1, 1, 0, 0, 0, 0, 0, 0, 0, 0, 0, 0, 0
98.21, 1.3, 2.6, 88.74, 2.9, 5.0, 1, 0, 0, 1, 1, 0, 0, 0, 0, 0, 0, 0, 0, 0, 0, 0, 0
89.75, 2.5, 3.1, 87.72, 3.3, 4.8, 0, 0, 0, 0, 1, 1, 0, 0, 0, 0, 0, 0, 0, 0, 1, 0, 0
99.23, 0.9, 2.8, 87.72, 3.3, 4.4, 0, 0, 0, 1, 0, 1, 0, 0, 0, 0, 0, 0, 1, 0, 0, 0, 0
88.74, 2.9, 3.5, 87.72, 3.3, 6.2, 0, 0, 0, 0, 0, 0, 0, 0, 0, 0, 0, 1, 0, 0, 0, 1, 0
86.71, 3.7, 6.2, 96.18, 2.1, 4.7, 0, 0, 0, 0, 0, 0, 0, 0, 0, 0, 0, 0, 0, 0, 0, 0, 0
87.72, 3.3, 5.0, 86.71, 3.7, 5.0, 0, 0, 0, 0, 0, 1, 0, 0, 0, 0, 0, 0, 0, 0, 0, 1, 0
88.74, 2.9, 4.5, 79.26, 4.4, 5.5, 0, 0, 0, 1, 0, 1, 0, 0, 0, 0, 0, 0, 0, 0, 0, 0, 0
88.74, 2.9, 4.9, 78.25, 4.8, 6.6, 1, 0, 0, 0, 1, 0, 0, 0, 0, 0, 0, 1, 0, 0, 0, 0, 0
86.71, 3.7, 4.9, 85.69, 4.0, 6.4, 1, 0, 0, 0, 1, 1, 0, 0, 0, 0, 0, 0, 0, 0, 0, 0, 0
89.75, 2.5, 3.4, 78.25, 4.8, 6.1, 0, 1, 0, 0, 0, 1, 0, 0, 0, 0, 0, 0, 0, 1, 0, 0, 0
88.74, 2.9, 4.2, 0, 0, 0, 0, 0, 0, 1, 0, 0, 0, 0, 0, 0, 0, 0, 0, 0, 0, 0, 0
80.28, 4.1, 4.5, 80.28, 4.1, 6.2, 0, 0, 0, 0, 0, 0, 0, 0, 0, 0, 0, 0, 0, 0, 1, 0, 0
0, 0, 0, 80.28, 4.1, 6.3, 0, 0, 0, 1, 0, 0, 0, 1, 0, 0, 0, 0, 0, 0, 0, 0, 0
88.74, 2.9, 3.8, 87.72, 3.3, 5.6, 0, 0, 0, 0, 0, 0, 0, 0, 0, 0, 0, 0, 1, 1, 0, 1, 0
72.83, 4.8, 6.2, 69.79, 6.0, 8.6, 0, 0, 0, 0, 0, 0, 0, 0, 0, 0, 0, 0, 0, 0, 0, 0, 0
98.21, 1.3, 2.8, 87.72, 3.3, 6.2, 0, 0, 0, 0, 0, 1, 0, 0, 0, 0, 0, 1, 0, 0, 0, 1, 0
88.74, 2.9, 3.9, 108.7, -0.7, 5.8, 0, 0, 0, 1, 0, 0, 0, 0, 0, 0, 0, 0, 0, 0, 0, 0, 0
90.77, 2.1, 2.7, 90.77, 2.1, 4.1, 0, 0, 0, 0, 0, 1, 0, 0, 0, 1, 0, 1, 0, 0, 0, 0, 0
89.75, 2.5, 2.9, 87.72, 3.3, 5.1, 0, 0, 0, 0, 0, 1, 0, 0, 0, 0, 0, 1, 0, 0, 0, 0, 0
89.75, 2.5, 3.7, 80.28, 4.1, 6.1, 1, 1, 0, 0, 0, 1, 0, 0, 0, 0, 0, 0, 0, 0, 0, 0, 0
88.74, 2.9, 3.9, 80.28, 4.1, 6.0, 0, 0, 0, 1, 0, 0, 0, 0, 0, 0, 0, 0, 0, 0, 0, 0, 0
88.74, 2.9, 4.1, 79.26, 4.4, 5.5, 0, 0, 0, 0, 0, 0, 0, 0, 0, 0, 0, 0, 0, 0, 0, 0, 0
0, 0, 0, 0, 0, 0, 0, 1, 1, 1, 0, 0, 0, 0, 0, 0, 0, 0, 0, 0, 0, 0, 0
90.77, 2.1, 3.7, 80.28, 4.1, 5.8, 0, 0, 0, 0, 0, 1, 0, 0, 0, 0, 0, 0, 0, 0, 0, 0, 0
89.75, 2.5, 3.9, 76.22, 5.6, 7.5, 0, 0, 0, 0, 0, 0, 0, 0, 0, 1, 0, 0, 0, 1, 0, 0, 0
88.74, 2.9, 3.3, 86.71, 3.7, 5.7, 0, 0, 0, 0, 0, 0, 0, 0, 0, 0, 0, 0, 0, 0, 0, 0, 0
88.74, 2.9, 4.4, 77.23, 5.2, 6.5, 1, 0, 0, 0, 1, 0, 0, 0, 0, 0, 0, 0, 0, 1, 0, 0, 0
89.75, 2.5, 3.8, 78.25, 4.8, 7.6, 1, 1, 0, 0, 0, 0, 0, 0, 0, 0, 0, 0, 0, 1, 0, 0, 0
0, 0, 0, 87.72, 3.3, 5.0, 1, 0, 0, 0, 0, 0, 0, 0, 0, 1, 0, 0, 0, 1, 0, 0, 0
81.29, 3.7, 4.5, 79.26, 4.4, 7.1, 1, 0, 0, 0, 0, 0, 0, 0, 0, 1, 0, 0, 0, 1, 0, 0, 0
87.72, 3.3, 4.3, 88.74, 2.9, 4.7, 0, 0, 0, 0, 0, 1, 0, 0, 0, 0, 0, 0, 0, 0, 0, 0, 0
87.72, 3.3, 4.3, 78.25, 4.8, 5.8, 0, 0, 0, 1, 0, 0, 0, 0, 0, 0, 0, 0, 1, 0, 0, 0, 0
98.21, 1.3, 2.3, 78.25, 4.8, 5.9, 0, 0, 0, 0, 0, 1, 0, 0, 0, 0, 0, 0, 0, 0, 0, 1, 0
84.68, 4.4, 6.7, 76.22, 5.6, 7.4, 0, 0, 0, 0, 0, 1, 0, 0, 0, 0, 0, 0, 0, 0, 0, 0, 0
89.75, 2.5, 3.3, 79.26, 4.4, 5.9, 0, 1, 0, 1, 0, 1, 0, 0, 0, 0, 0, 0, 0, 0, 0, 0, 0
81.29, 3.7, 4.2, 79.26, 4.4, 6.0, 0, 0, 0, 0, 0, 0, 0, 0, 0, 1, 0, 0, 0, 1, 0, 0, 0
90.77, 2.1, 2.6, 79.26, 4.4, 5.9, 0, 0, 0, 0, 0, 1, 0, 0, 0, 0, 0, 0, 0, 0, 0, 0, 0
89.75, 2.5, 3.3, 88.74, 2.9, 5.0, 0, 1, 0, 0, 0, 1, 0, 0, 0, 0, 0, 0, 0, 0, 0, 0, 0
88.74, 2.9, 3.1, 78.25, 4.8, 6.6, 0, 0, 0, 0, 0, 1, 0, 0, 0, 0, 0, 0, 0, 0, 0, 0, 0
89.75, 2.5, 2.9, 74.19, 6.4, 7.9, 0, 0, 0, 0, 1, 1, 0, 0, 0, 0, 0, 0, 0, 0, 0, 0, 0
98.21, 1.3, 2.7, 0, 0, 0, 0, 0, 0, 1, 0, 1, 0, 0, 0, 0, 0, 0, 0, 0, 0, 0, 0
89.75, 2.5, 3.3, 87.72, 3.3, 4.8, 0, 0, 0, 0, 1, 1, 0, 0, 0, 0, 0, 0, 0, 0, 0, 0, 0
89.75, 2.5, 2.8, 79.26, 4.4, 5.1, 0, 0, 0, 0, 1, 1, 0, 0, 0, 0, 0, 0, 0, 0, 0, 0, 0
0, 0, 0, 88.74, 2.9, 4.8, 0, 0, 0, 0, 0, 1, 0, 0, 0, 0, 0, 0, 0, 0, 0, 0, 0
0, 0, 0, 0, 0, 0, 1, 0, 0, 0, 0, 0, 0, 0, 0, 0, 0, 0, 0, 0, 0, 0, 0
89.75, 2.5, 3.4, 89.75, 2.5, 4.6, 0, 0, 0, 1, 0, 0, 0, 0, 0, 0, 0, 0, 0, 0, 0, 0, 0
87.72, 3.3, 4.5, 78.25, 4.8, 6.5, 0, 0, 0, 1, 0, 1, 0, 0, 0, 0, 0, 0, 1, 0, 0, 0, 0
80.28, 4.1, 4.5, 78.25, 4.8, 6.0, 0, 0, 0, 0, 0, 1, 0, 0, 0, 0, 0, 0, 0, 0, 0, 0, 0
96.18, 2.1, 3.8, 94.15, 2.9, 4.8, 0, 0, 0, 0, 0, 0, 0, 0, 0, 0, 0, 0, 0, 0, 0, 0, 0
88.74, 2.9, 3.3, 79.26, 4.4, 5.4, 0, 0, 0, 1, 0, 1, 0, 0, 0, 0, 0, 0, 0, 0, 0, 0, 0
89.75, 2.5, 2.8, 87.72, 3.3, 4.7, 0, 0, 0, 1, 0, 0, 0, 1, 0, 1, 0, 0, 0, 0, 0, 0, 0
89.75, 2.5, 3.1, 79.26, 4.4, 5.5, 0, 0, 0, 0, 1, 1, 0, 0, 0, 0, 0, 0, 0, 0, 0, 1, 0
87.72, 3.3, 3.8, 86.71, 3.7, 5.2, 0, 0, 0, 0, 0, 0, 0, 0, 0, 1, 0, 0, 0, 0, 0, 0, 0
89.75, 2.5, 3.0, 86.71, 3.7, 5.0, 0, 0, 0, 0, 0, 1, 0, 0, 0, 0, 0, 0, 1, 0, 0, 0, 0
89.75, 2.5, 2.9, 79.26, 4.4, 5.6, 0, 0, 0, 0, 0, 1, 0, 0, 0, 0, 0, 0, 0, 0, 0, 0, 0
88.74, 2.9, 3.7, 85.69, 4.0, 6.0, 0, 0, 0, 1, 1, 0, 0, 0, 0, 0, 0, 0, 0, 0, 0, 0, 0
97.2, 1.7, 2.7, 86.71, 3.7, 6.1, 0, 0, 0, 1, 1, 0, 0, 0, 0, 0, 0, 0, 0, 0, 0, 0, 0
89.75, 2.5, 3.6, 76.22, 5.6, 6.5, 0, 1, 1, 0, 0, 1, 0, 0, 0, 0, 0, 0, 0, 0, 0, 0, 0
99.23, 0.9, 1.8, 85.69, 4.0, 5.5, 0, 0, 0, 0, 0, 1, 0, 0, 0, 0, 0, 0, 1, 0, 0, 0, 0
79.26, 4.4, 5.3, 74.19, 6.4, 8.0, 0, 0, 0, 0, 0, 0, 0, 0, 0, 0, 0, 1, 0, 0, 0, 1, 0
89.75, 2.5, 3.0, 79.26, 4.4, 5.9, 0, 0, 0, 0, 0, 1, 0, 0, 0, 0, 0, 0, 1, 0, 0, 0, 0
88.74, 2.9, 4.5, 85.69, 4.0, 5.7, 0, 0, 0, 1, 0, 0, 0, 0, 0, 0, 0, 0, 1, 0, 0, 0, 0
90.77, 2.1, 2.7, 88.74, 2.9, 4.8, 0, 0, 0, 1, 0, 1, 0, 0, 0, 0, 0, 0, 1, 0, 0, 0, 0
88.74, 2.9, 4.0, 86.71, 3.7, 6.0, 0, 0, 0, 0, 0, 1, 0, 0, 0, 0, 0, 0, 0, 0, 0, 1, 0
89.75, 2.5, 3.6, 78.25, 4.8, 6.1, 1, 0, 0, 0, 1, 1, 0, 0, 0, 0, 0, 0, 0, 0, 0, 0, 0
89.75, 2.5, 4.5, 85.69, 4.0, 6.6, 0, 1, 1, 1, 0, 0, 0, 0, 0, 0, 0, 0, 0, 0, 0, 0, 0
86.71, 3.7, 5.0, 84.68, 4.4, 6.5, 0, 0, 0, 1, 0, 1, 0, 0, 0, 0, 0, 0, 1, 0, 0, 0, 0
87.72, 3.3, 4.9, 85.69, 4.0, 6.4, 0, 0, 0, 0, 0, 1, 0, 0, 0, 0, 0, 0, 0, 0, 0, 0, 1
0, 0, 0, 0, 0, 0, 0, 1, 0, 0, 0, 1, 0, 0, 0, 0, 0, 0, 0, 0, 0, 0, 0
89.75, 2.5, 4.0, 86.71, 3.7, 5.5, 0, 0, 0, 0, 0, 0, 0, 0, 0, 1, 0, 1, 0, 0, 0, 0, 0
88.74, 2.9, 2.9, 87.72, 3.3, 4.6, 0, 0, 0, 0, 0, 1, 0, 0, 0, 0, 0, 0, 1, 0, 0, 1, 0
88.74, 2.9, 3.8, 87.72, 3.3, 6.1, 0, 0, 0, 0, 0, 1, 0, 0, 0, 0, 0, 0, 0, 0, 0, 1, 0
90.77, 2.1, 3.8, 87.72, 3.3, 5.5, 0, 0, 0, 0, 0, 0, 0, 0, 0, 1, 0, 0, 0, 1, 0, 0, 0
88.74, 2.9, 4.0, 78.25, 4.8, 6.5, 1, 0, 0, 0, 0, 0, 0, 0, 0, 0, 0, 0, 0, 0, 0, 1, 0
88.74, 2.9, 4.6, 79.26, 4.4, 6.2, 0, 0, 0, 0, 0, 1, 0, 0, 0, 0, 0, 0, 0, 0, 0, 0, 0
88.74, 2.9, 4.7, 80.28, 4.1, 5.5, 1, 1, 0, 0, 0, 0, 0, 0, 0, 0, 0, 0, 0, 1, 0, 0, 0
96.18, 2.1, 6.1, 95.17, 2.5, 8.2, 0, 0, 0, 1, 0, 0, 0, 1, 0, 1, 0, 0, 0, 0, 0, 0, 0
89.75, 2.5, 3.4, 0, 0, 0, 0, 0, 0, 1, 1, 0, 0, 0, 0, 0, 0, 0, 0, 0, 0, 1, 0
88.74, 2.9, 4.0, 80.28, 4.1, 5.3, 0, 0, 0, 1, 0, 0, 0, 0, 0, 0, 0, 0, 1, 0, 0, 0, 0
72.16, 7.2, 12.5, 84.68, 4.4, 6.1, 0, 0, 0, 1, 0, 1, 0, 0, 0, 0, 0, 0, 1, 0, 0, 0, 0
97.2, 1.7, 2.9, 86.71, 3.7, 5.8, 0, 0, 0, 1, 0, 1, 0, 0, 0, 0, 0, 0, 1, 0, 0, 0, 0
98.21, 1.3, 2.6, 86.71, 3.7, 5.4, 1, 0, 0, 0, 1, 0, 0, 0, 0, 0, 0, 0, 0, 0, 0, 1, 0
88.74, 2.9, 3.1, 84.68, 4.4, 5.8, 1, 0, 0, 0, 1, 0, 0, 0, 0, 0, 0, 0, 0, 0, 0, 1, 0
97.2, 1.7, 3.5, 84.68, 4.4, 6.3, 0, 0, 0, 0, 0, 1, 0, 0, 0, 0, 0, 0, 1, 0, 0, 0, 0
88.74, 2.9, 4.0, 88.74, 2.9, 5.4, 0, 0, 0, 0, 0, 1, 0, 0, 0, 0, 0, 0, 0, 0, 0, 0, 0
89.75, 2.5, 4.0, 79.26, 4.4, 6.0, 0, 0, 0, 1, 0, 0, 0, 0, 0, 0, 0, 0, 0, 1, 0, 0, 0
89.75, 2.5, 3.5, 79.26, 4.4, 5.0, 1, 1, 0, 1, 0, 0, 0, 0, 0, 0, 0, 0, 0, 0, 0, 0, 0
89.75, 2.5, 3.9, 81.29, 3.7, 5.6, 0, 0, 0, 1, 0, 0, 0, 0, 0, 0, 0, 0, 0, 0, 0, 0, 0
89.75, 2.5, 3.0, 85.69, 4.0, 7.1, 0, 0, 0, 0, 0, 1, 0, 0, 0, 0, 0, 0, 1, 0, 0, 0, 0
89.75, 2.5, 3.4, 77.23, 5.2, 7.0, 1, 1, 0, 0, 0, 0, 0, 1, 0, 0, 0, 0, 0, 0, 0, 0, 0
90.77, 2.1, 4.5, 79.26, 4.4, 6.4, 1, 1, 0, 0, 0, 0, 0, 0, 0, 0, 0, 0, 0, 1, 0, 0, 0
89.75, 2.5, 3.4, 87.72, 3.3, 5.0, 1, 1, 0, 0, 0, 0, 0, 0, 0, 0, 0, 0, 0, 1, 0, 0, 0
88.74, 2.9, 3.3, 0, 0, 0, 0, 0, 0, 0, 0, 0, 0, 0, 0, 0, 0, 0, 0, 0, 0, 0, 0
87.72, 3.3, 5.1, 93.14, 3.3, 5.2, 0, 0, 0, 0, 0, 1, 0, 0, 0, 0, 0, 0, 0, 0, 0, 0, 0
89.75, 2.5, 2.8, 87.72, 3.3, 5.1, 0, 0, 0, 0, 0, 1, 0, 0, 0, 0, 0, 0, 0, 0, 0, 0, 0
90.77, 2.1, 3.3, 87.72, 3.3, 4.5, 0, 0, 0, 1, 0, 0, 0, 0, 0, 0, 0, 0, 0, 0, 0, 0, 0
97.2, 1.7, 3.0, 83.66, 4.8, 6.9, 0, 0, 0, 0, 0, 1, 0, 0, 0, 0, 0, 0, 0, 0, 0, 0, 0
98.21, 1.3, 2.4, 97.2, 1.7, 3.3, 0, 0, 0, 1, 0, 0, 0, 0, 0, 0, 0, 0, 1, 0, 0, 0, 0
89.75, 2.5, 3.8, 86.71, 3.7, 6.3, 1, 0, 0, 0, 1, 1, 0, 0, 0, 0, 0, 0, 0, 0, 0, 0, 0
89.75, 2.5, 3.8, 86.71, 3.7, 6.0, 1, 0, 0, 1, 1, 0, 0, 0, 0, 0, 0, 0, 0, 0, 0, 0, 0
90.77, 2.1, 3.5, 89.75, 2.5, 5.6, 1, 0, 0, 0, 1, 1, 0, 0, 0, 0, 0, 0, 0, 0, 0, 0, 0
89.75, 2.5, 3.8, 78.25, 4.8, 6.2, 0, 0, 0, 0, 1, 1, 0, 0, 0, 0, 0, 1, 0, 0, 0, 0, 0
89.75, 2.5, 4.3, 80.28, 4.1, 5.6, 0, 0, 0, 0, 0, 0, 0, 0, 0, 1, 0, 0, 0, 0, 0, 1, 0
97.2, 1.7, 2.1, 88.74, 2.9, 4.1, 0, 0, 0, 0, 1, 1, 0, 0, 0, 0, 0, 0, 0, 0, 0, 0, 0
97.2, 1.7, 3.9, 85.69, 4.0, 6.2, 0, 0, 0, 1, 1, 1, 0, 0, 0, 0, 0, 0, 0, 0, 0, 0, 0
88.74, 2.9, 3.9, 80.28, 4.1, 5.8, 0, 0, 0, 1, 0, 0, 0, 0, 0, 0, 0, 0, 0, 0, 0, 0, 0
96.18, 2.1, 2.8, 87.72, 3.3, 3.9, 0, 0, 0, 0, 1, 1, 0, 0, 0, 0, 0, 0, 0, 0, 0, 0, 0
88.74, 2.9, 3.0, 87.72, 3.3, 4.9, 0, 0, 0, 1, 0, 1, 0, 0, 0, 0, 0, 0, 0, 0, 0, 0, 0
79.6, 6.4, 7.6, 75.2, 6.0, 7.2, 0, 1, 0, 0, 0, 1, 0, 0, 0, 0, 0, 0, 0, 0, 0, 0, 0
97.2, 1.7, 3.5, 86.71, 3.7, 5.4, 0, 0, 0, 1, 0, 1, 0, 0, 0, 0, 0, 0, 0, 0, 0, 0, 0
87.72, 3.3, 4.4, 80.28, 4.1, 5.7, 1, 0, 0, 0, 1, 1, 0, 0, 0, 0, 0, 0, 0, 0, 0, 0, 0
89.75, 2.5, 2.7, 98.21, 1.3, 2.7, 0, 0, 0, 0, 0, 1, 0, 0, 0, 0, 0, 1, 0, 0, 0, 1, 0
89.75, 2.5, 3.0, 88.74, 2.9, 4.4, 0, 0, 0, 0, 0, 1, 0, 0, 0, 0, 0, 0, 0, 0, 0, 0, 0
90.77, 2.1, 3.4, 77.23, 5.2, 6.6, 1, 1, 0, 0, 0, 0, 0, 0, 0, 0, 0, 0, 0, 0, 0, 0, 0
89.75, 2.5, 3.8, 75.2, 6.0, 7.7, 1, 0, 0, 0, 0, 0, 0, 0, 0, 0, 0, 0, 0, 0, 0, 0, 0
80.28, 4.1, 5.6, 0, 0, 0, 0, 0, 0, 0, 0, 1, 0, 0, 0, 0, 0, 0, 0, 0, 0, 0, 1
89.75, 2.5, 2.9, 88.74, 2.9, 4.0, 0, 0, 0, 1, 0, 1, 0, 0, 0, 0, 0, 0, 1, 0, 0, 0, 0
89.75, 2.5, 3.6, 88.74, 2.9, 5.5, 1, 0, 0, 0, 0, 0, 0, 0, 0, 0, 0, 0, 0, 0, 0, 0, 0
87.72, 3.3, 4.9, 85.69, 4.0, 6.4, 0, 1, 0, 0, 0, 1, 0, 0, 0, 0, 0, 0, 0, 0, 0, 1, 0
89.75, 2.5, 3.6, 86.71, 3.7, 5.0, 0, 0, 0, 1, 0, 0, 1, 0, 0, 0, 0, 0, 0, 0, 0, 0, 0
97.2, 1.7, 2.6, 86.71, 3.7, 5.9, 0, 0, 0, 0, 0, 1, 0, 1, 0, 0, 0, 0, 0, 0, 0, 0, 0
89.75, 2.5, 3.3, 89.75, 2.5, 4.6, 0, 1, 1, 1, 0, 0, 0, 0, 0, 0, 0, 0, 0, 0, 0, 0, 0
88.74, 2.9, 3.4, 78.25, 4.8, 6.4, 0, 0, 0, 1, 0, 1, 0, 0, 0, 0, 0, 0, 1, 0, 0, 0, 0
89.75, 2.5, 3.6, 85.69, 4.0, 5.8, 0, 0, 0, 0, 0, 1, 0, 1, 0, 1, 0, 0, 0, 0, 0, 0, 0
89.75, 2.5, 3.7, 88.74, 2.9, 4.9, 0, 0, 0, 1, 0, 1, 0, 1, 0, 0, 0, 0, 0, 0, 0, 0, 0
87.72, 3.3, 4.5, 78.25, 4.8, 6.2, 0, 0, 0, 1, 0, 1, 0, 0, 0, 0, 0, 0, 0, 0, 0, 0, 0
89.75, 2.5, 4.3, 80.28, 4.1, 5.7, 0, 0, 0, 0, 0, 1, 0, 0, 0, 0, 0, 0, 0, 0, 0, 0, 0
98.21, 1.3, 2.1, 86.71, 3.7, 5.3, 0, 0, 0, 0, 0, 1, 0, 0, 0, 1, 0, 0, 0, 0, 0, 0, 0
88.74, 2.9, 3.2, 79.26, 4.4, 5.1, 0, 0, 0, 1, 0, 1, 0, 0, 0, 0, 0, 0, 0, 0, 0, 0, 0
98.21, 1.3, 2.4, 0, 0, 0, 0, 0, 0, 1, 0, 1, 1, 0, 0, 0, 0, 0, 0, 0, 0, 0, 0
89.75, 2.5, 3.6, 79.26, 4.4, 4.9, 1, 1, 0, 0, 0, 1, 0, 0, 0, 0, 0, 0, 0, 0, 0, 0, 0
97.2, 1.7, 2.8, 87.72, 3.3, 4.9, 0, 1, 0, 0, 0, 1, 0, 1, 0, 0, 0, 0, 0, 0, 0, 0, 0
88.74, 2.9, 3.9, 0, 0, 0, 0, 0, 0, 1, 1, 0, 0, 0, 0, 0, 0, 0, 0, 0, 0, 0, 0
89.75, 2.5, 3.3, 86.71, 3.7, 4.9, 0, 0, 0, 1, 1, 1, 0, 0, 0, 0, 0, 0, 0, 0, 0, 0, 0
89.75, 2.5, 3.4, 85.69, 4.0, 5.8, 0, 0, 0, 0, 0, 0, 0, 0, 0, 1, 0, 0, 0, 0, 0, 0, 0
99.23, 0.9, 1.9, 88.74, 2.9, 4.3, 0, 0, 0, 1, 1, 0, 0, 0, 0, 0, 0, 0, 0, 0, 0, 1, 0
89.75, 2.5, 3.8, 86.71, 3.7, 5.7, 0, 0, 0, 0, 1, 1, 0, 0, 0, 0, 0, 1, 0, 0, 0, 0, 0
89.75, 2.5, 3.4, 87.72, 3.3, 4.7, 1, 0, 0, 0, 1, 0, 0, 0, 0, 0, 0, 0, 0, 0, 0, 1, 0
98.21, 1.3, 1.9, 96.18, 2.1, 3.7, 0, 0, 0, 0, 0, 1, 0, 0, 0, 0, 0, 0, 0, 0, 0, 0, 0
90.77, 2.1, 2.7, 88.74, 2.9, 5.2, 0, 0, 0, 0, 0, 1, 0, 0, 0, 0, 0, 0, 0, 0, 0, 1, 0
88.74, 2.9, 4.5, 75.2, 6.0, 9.0, 1, 0, 0, 0, 0, 0, 0, 0, 0, 1, 0, 0, 0, 0, 0, 0, 0
81.29, 3.7, 4.7, 76.22, 5.6, 7.9, 1, 0, 0, 0, 0, 0, 0, 0, 0, 1, 0, 0, 0, 1, 0, 0, 0
88.74, 2.9, 3.3, 86.71, 3.7, 5.2, 0, 0, 0, 0, 0, 0, 0, 0, 0, 0, 0, 0, 0, 1, 0, 1, 0
80.28, 4.1, 5.1, 77.23, 5.2, 7.7, 1, 1, 0, 0, 0, 0, 0, 1, 0, 0, 0, 0, 0, 0, 0, 0, 0
89.75, 2.5, 3.0, 87.72, 3.3, 4.5, 0, 0, 0, 0, 0, 0, 0, 0, 0, 0, 0, 0, 0, 0, 0, 0, 0
88.74, 2.9, 3.4, 86.71, 3.7, 5.3, 0, 0, 0, 0, 0, 1, 0, 0, 0, 0, 0, 0, 0, 0, 0, 0, 0
88.74, 2.9, 3.5, 85.69, 4.0, 5.7, 0, 0, 0, 0, 1, 1, 0, 0, 0, 0, 0, 0, 0, 0, 0, 0, 0
89.75, 2.5, 3.0, 87.72, 3.3, 5.3, 0, 0, 0, 0, 1, 1, 0, 0, 0, 0, 0, 0, 0, 0, 0, 1, 0
98.21, 1.3, 3.6, 85.69, 4.0, 5.3, 0, 0, 0, 0, 0, 1, 0, 0, 0, 0, 0, 0, 0, 0, 1, 0, 0
90.77, 2.1, 2.4, 80.28, 4.1, 5.1, 0, 0, 0, 0, 1, 1, 0, 0, 0, 0, 0, 0, 0, 0, 0, 0, 0
99.23, 0.9, 1.8, 97.2, 1.7, 4.3, 0, 0, 0, 0, 0, 1, 0, 0, 0, 0, 0, 0, 1, 0, 0, 0, 0
99.23, 0.9, 2.3, 88.74, 2.9, 4.4, 0, 0, 0, 0, 0, 1, 0, 0, 0, 0, 0, 1, 0, 0, 0, 1, 0
90.77, 2.1, 3.7, 88.74, 2.9, 4.4, 0, 0, 0, 0, 0, 1, 0, 0, 0, 0, 0, 0, 0, 0, 0, 0, 0
98.21, 1.3, 2.6, 87.72, 3.3, 5.2, 0, 0, 0, 0, 1, 1, 0, 0, 0, 0, 0, 0, 0, 0, 0, 1, 0
88.74, 2.9, 3.4, 88.74, 2.9, 4.6, 0, 0, 0, 0, 0, 1, 0, 0, 0, 0, 0, 0, 0, 0, 0, 1, 0
88.74, 2.9, 4.2, 85.69, 4.0, 6.0, 1, 0, 0, 0, 0, 0, 0, 0, 0, 0, 0, 0, 1, 0, 0, 0, 0
99.23, 0.9, 2.3, 85.69, 4.0, 6.3, 0, 0, 0, 1, 1, 1, 0, 0, 0, 0, 0, 0, 0, 0, 0, 0, 0
88.74, 2.9, 3.4, 87.72, 3.3, 5.8, 0, 0, 0, 1, 0, 1, 0, 0, 0, 0, 0, 0, 0, 0, 0, 0, 0
87.72, 3.3, 4.5, 86.71, 3.7, 5.5, 0, 0, 0, 0, 1, 1, 0, 0, 0, 0, 0, 0, 0, 0, 0, 0, 0
0, 0, 0, 87.72, 3.3, 4.4, 0, 0, 0, 0, 0, 1, 0, 0, 0, 0, 0, 0, 0, 0, 0, 0, 0
98.21, 1.3, 1.6, 79.26, 4.4, 5.3, 1, 1, 0, 0, 0, 1, 0, 0, 0, 0, 0, 0, 0, 0, 0, 0, 0
89.75, 2.5, 3.4, 88.74, 2.9, 4.4, 0, 0, 0, 0, 0, 0, 0, 0, 0, 0, 0, 0, 0, 0, 0, 0, 0
97.2, 1.7, 3.1, 86.71, 3.7, 4.9, 1, 0, 0, 0, 1, 0, 0, 0, 0, 0, 0, 0, 0, 0, 0, 1, 0
99.23, 0.9, 2.1, 89.75, 2.5, 3.6, 0, 0, 0, 1, 1, 1, 0, 0, 0, 0, 0, 0, 0, 0, 0, 0, 0
98.21, 1.3, 1.8, 87.72, 3.3, 4.7, 0, 0, 0, 0, 1, 1, 0, 0, 0, 0, 0, 0, 1, 0, 0, 0, 0
98.21, 1.3, 2.7, 0, 0, 0, 1, 0, 0, 1, 0, 0, 0, 0, 0, 0, 0, 0, 1, 0, 0, 0, 0
98.21, 1.3, 3.4, 76.22, 5.6, 7.8, 1, 0, 0, 0, 0, 0, 0, 0, 0, 0, 0, 1, 0, 0, 0, 1, 0
89.75, 2.5, 3.3, 87.72, 3.3, 5.5, 1, 0, 0, 0, 0, 0, 0, 0, 0, 0, 0, 0, 0, 0, 0, 1, 0
89.75, 2.5, 3.6, 79.26, 4.4, 5.3, 0, 0, 0, 0, 0, 1, 0, 1, 0, 0, 0, 1, 0, 0, 0, 0, 0
89.75, 2.5, 2.9, 83.66, 4.8, 7.5, 0, 0, 0, 0, 0, 1, 0, 0, 0, 0, 0, 0, 0, 0, 0, 0, 0
88.74, 2.9, 4.8, 77.23, 5.2, 6.1, 0, 0, 0, 0, 0, 1, 0, 0, 0, 0, 0, 0, 0, 1, 0, 0, 0
85.69, 4.0, 6.3, 0, 0, 0, 1, 0, 0, 0, 1, 1, 0, 0, 0, 0, 0, 0, 0, 0, 0, 0, 0
98.21, 1.3, 2.6, 88.74, 2.9, 5.3, 1, 0, 0, 0, 1, 1, 0, 0, 0, 0, 0, 0, 0, 0, 0, 0, 0
89.75, 2.5, 3.4, 88.74, 2.9, 4.2, 0, 0, 0, 1, 0, 1, 0, 0, 0, 0, 0, 0, 0, 0, 0, 0, 0
89.75, 2.5, 3.0, 97.2, 1.7, 3.5, 0, 0, 0, 1, 0, 1, 0, 0, 0, 0, 0, 0, 0, 0, 0, 0, 0
97.2, 1.7, 2.3, 87.72, 3.3, 4.8, 0, 0, 0, 1, 1, 1, 0, 0, 0, 0, 0, 0, 0, 0, 0, 0, 0
89.75, 2.5, 3.1, 88.74, 2.9, 4.8, 0, 0, 0, 1, 0, 0, 0, 0, 0, 0, 0, 0, 1, 0, 0, 0, 0
98.21, 1.3, 2.7, 85.69, 4.0, 7.0, 0, 0, 0, 0, 0, 1, 0, 0, 0, 0, 0, 0, 0, 0, 0, 1, 0
88.74, 2.9, 3.8, 77.23, 5.2, 5.9, 0, 0, 0, 1, 0, 1, 0, 0, 0, 0, 0, 0, 1, 0, 0, 0, 0
88.74, 2.9, 3.6, 87.72, 3.3, 5.2, 1, 0, 0, 0, 1, 0, 0, 0, 0, 0, 0, 0, 0, 0, 0, 1, 0
88.74, 2.9, 3.5, 76.22, 5.6, 6.6, 0, 0, 0, 0, 0, 1, 0, 0, 0, 0, 0, 0, 1, 0, 0, 1, 0
97.2, 1.7, 3.2, 86.71, 3.7, 5.6, 0, 1, 0, 1, 0, 1, 0, 0, 0, 0, 0, 0, 0, 0, 0, 0, 0
88.74, 2.9, 4.2, 86.71, 3.7, 5.7, 0, 0, 0, 1, 0, 1, 0, 1, 0, 0, 0, 0, 0, 0, 0, 0, 0
89.75, 2.5, 3.2, 87.72, 3.3, 4.9, 1, 0, 0, 0, 0, 1, 0, 1, 0, 0, 0, 0, 0, 0, 0, 0, 0
96.18, 2.1, 4.0, 87.72, 3.3, 5.5, 0, 0, 0, 1, 0, 0, 0, 0, 0, 0, 0, 0, 1, 0, 0, 0, 0
88.74, 2.9, 3.5, 78.25, 4.8, 6.0, 0, 0, 0, 0, 0, 1, 0, 0, 0, 0, 0, 1, 0, 0, 0, 1, 0
97.2, 1.7, 3.4, 86.71, 3.7, 5.3, 0, 0, 0, 0, 0, 1, 0, 0, 0, 0, 0, 0, 1, 0, 0, 0, 0
89.75, 2.5, 4.2, 87.72, 3.3, 5.3, 0, 0, 0, 1, 0, 0, 0, 0, 0, 0, 0, 0, 0, 0, 0, 0, 0
88.74, 2.9, 3.0, 88.74, 2.9, 4.3, 0, 0, 0, 1, 0, 1, 0, 0, 0, 0, 0, 0, 1, 0, 0, 0, 0
89.75, 2.5, 2.9, 78.25, 4.8, 6.0, 0, 0, 0, 0, 0, 0, 0, 0, 0, 0, 0, 0, 0, 1, 0, 1, 0
89.75, 2.5, 2.6, 87.72, 3.3, 3.9, 0, 0, 0, 1, 0, 0, 0, 0, 0, 0, 0, 0, 0, 0, 0, 1, 0
98.21, 1.3, 2.7, 96.18, 2.1, 3.7, 0, 0, 0, 0, 0, 1, 0, 0, 0, 0, 0, 0, 0, 0, 0, 0, 0
87.72, 3.3, 3.7, 87.72, 3.3, 5.2, 0, 0, 0, 0, 1, 1, 0, 0, 0, 0, 0, 0, 0, 0, 0, 0, 0
98.21, 1.3, 3.1, 83.66, 4.8, 6.9, 0, 0, 0, 0, 0, 1, 0, 1, 0, 1, 0, 0, 0, 0, 0, 0, 0
89.75, 2.5, 3.2, 79.26, 4.4, 6.3, 0, 1, 1, 1, 0, 0, 0, 0, 0, 0, 0, 0, 0, 0, 0, 0, 0
97.2, 1.7, 2.8, 79.26, 4.4, 5.7, 0, 0, 0, 0, 0, 0, 0, 0, 0, 1, 0, 1, 0, 0, 0, 1, 0
88.74, 2.9, 3.3, 78.25, 4.8, 5.2, 0, 0, 0, 0, 1, 1, 0, 0, 0, 0, 0, 0, 0, 0, 0, 0, 0
90.77, 2.1, 2.7, 88.74, 2.9, 3.9, 0, 1, 0, 0, 0, 1, 0, 0, 0, 0, 0, 0, 1, 0, 0, 0, 0
97.2, 1.7, 3.0, 93.14, 3.3, 5.7, 0, 0, 0, 0, 1, 1, 0, 0, 0, 0, 0, 0, 0, 0, 0, 0, 0
78.25, 4.8, 6.5, 0, 0, 0, 0, 0, 0, 1, 1, 0, 0, 0, 0, 0, 0, 0, 0, 0, 0, 1, 0
88.74, 2.9, 4.0, 88.74, 2.9, 4.7, 0, 0, 0, 1, 0, 0, 0, 0, 0, 0, 0, 0, 0, 0, 0, 0, 0
99.23, 0.9, 2.5, 88.74, 2.9, 4.6, 0, 0, 0, 0, 0, 1, 0, 0, 0, 0, 0, 1, 1, 0, 0, 0, 0
89.75, 2.5, 4.2, 77.23, 5.2, 7.5, 0, 0, 0, 0, 0, 0, 0, 0, 0, 1, 0, 0, 0, 1, 0, 1, 0
87.72, 3.3, 4.6, 85.69, 4.0, 6.6, 1, 0, 0, 0, 1, 0, 0, 0, 0, 0, 0, 0, 0, 0, 0, 1, 0
87.72, 3.3, 4.6, 78.25, 4.8, 6.9, 0, 0, 0, 1, 0, 0, 0, 1, 0, 0, 0, 0, 0, 0, 0, 0, 0
87.72, 3.3, 4.8, 86.71, 3.7, 5.6, 0, 0, 0, 0, 1, 1, 0, 0, 0, 0, 0, 1, 0, 0, 0, 0, 0
89.75, 2.5, 3.6, 89.75, 2.5, 5.7, 1, 0, 0, 0, 1, 1, 0, 0, 0, 0, 0, 0, 0, 0, 0, 0, 0
88.74, 2.9, 4.0, 85.69, 4.0, 6.2, 0, 0, 0, 1, 0, 0, 0, 0, 0, 0, 0, 1, 1, 0, 0, 0, 0
89.75, 2.5, 3.4, 87.72, 3.3, 5.7, 1, 1, 0, 1, 0, 0, 0, 0, 0, 0, 0, 0, 0, 0, 0, 0, 0
87.72, 3.3, 4.0, 88.74, 2.9, 4.5, 0, 0, 0, 1, 0, 1, 0, 0, 0, 0, 0, 0, 1, 0, 0, 0, 0
108.7, -0.7, 3.6, 88.74, 2.9, 2.9, 0, 0, 0, 0, 0, 0, 0, 0, 0, 1, 0, 1, 0, 0, 0, 1, 0
89.75, 2.5, 2.7, 88.74, 2.9, 4.4, 0, 0, 0, 0, 0, 0, 0, 0, 0, 1, 0, 1, 0, 0, 0, 1, 0
89.75, 2.5, 3.5, 87.72, 3.3, 5.3, 0, 0, 0, 0, 0, 1, 0, 0, 0, 0, 0, 1, 0, 0, 0, 1, 0
89.75, 2.5, 3.1, 96.18, 2.1, 4.0, 0, 0, 0, 1, 0, 0, 0, 1, 0, 0, 0, 0, 0, 0, 0, 0, 0
87.72, 3.3, 3.9, 77.23, 5.2, 6.7, 0, 0, 0, 0, 0, 1, 0, 0, 0, 0, 0, 0, 0, 1, 0, 1, 0
97.2, 1.7, 3.1, 0, 0, 0, 0, 1, 0, 0, 0, 0, 1, 1, 0, 0, 0, 0, 0, 0, 0, 0, 0
89.75, 2.5, 3.6, 86.71, 3.7, 5.4, 0, 0, 0, 0, 0, 1, 0, 0, 0, 0, 0, 0, 1, 0, 0, 0, 0
97.2, 1.7, 2.7, 84.68, 4.4, 5.5, 0, 0, 0, 0, 0, 1, 0, 0, 0, 0, 0, 0, 0, 0, 0, 0, 0
88.74, 2.9, 4.2, 77.23, 5.2, 6.2, 0, 0, 0, 0, 0, 1, 0, 0, 0, 0, 0, 0, 0, 0, 0, 0, 0
89.75, 2.5, 3.2, 89.75, 2.5, 4.7, 1, 1, 0, 0, 0, 0, 0, 1, 0, 0, 0, 0, 0, 0, 0, 0, 0
85.69, 4.0, 5.3, 76.22, 5.6, 7.0, 0, 0, 0, 0, 0, 1, 0, 0, 0, 0, 0, 1, 0, 0, 0, 0, 0
87.72, 3.3, 4.4, 77.23, 5.2, 6.4, 0, 0, 0, 0, 0, 1, 0, 0, 0, 0, 0, 0, 0, 0, 0, 0, 0
88.74, 2.9, 4.4, 78.25, 4.8, 7.1, 1, 1, 0, 0, 0, 0, 0, 1, 0, 0, 0, 0, 0, 0, 0, 0, 0
88.74, 2.9, 3.5, 80.28, 4.1, 5.0, 0, 0, 0, 1, 0, 0, 0, 0, 0, 0, 0, 0, 0, 0, 0, 0, 0
87.72, 3.3, 4.5, 75.54, 7.9, 10.8, 1, 1, 0, 0, 0, 0, 0, 0, 0, 0, 0, 0, 0, 0, 0, 1, 0
0, 0, 0, 0, 0, 0, 0, 0, 0, 1, 0, 0, 0, 0, 0, 0, 0, 0, 1, 0, 0, 0, 0
87.72, 3.3, 4.5, 84.68, 4.4, 6.7, 0, 0, 0, 0, 0, 1, 0, 0, 0, 0, 0, 0, 0, 0, 0, 0, 0
89.75, 2.5, 2.9, 86.71, 3.7, 5.4, 1, 0, 0, 0, 1, 1, 0, 0, 0, 0, 0, 0, 0, 0, 0, 0, 0
98.21, 1.3, 2.6, 86.71, 3.7, 5.8, 0, 1, 0, 0, 0, 1, 0, 0, 0, 0, 0, 0, 0, 0, 0, 0, 0
89.75, 2.5, 3.6, 87.72, 3.3, 5.6, 1, 0, 0, 0, 0, 1, 0, 0, 0, 0, 0, 0, 0, 0, 0, 1, 0
89.75, 2.5, 2.2, 86.71, 3.7, 4.3, 1, 0, 0, 0, 1, 1, 0, 0, 0, 0, 0, 0, 0, 0, 0, 0, 0
98.21, 1.3, 2.7, 0, 0, 0, 0, 0, 0, 0, 0, 0, 0, 0, 0, 0, 0, 1, 1, 0, 0, 1, 0
87.72, 3.3, 4.4, 85.69, 4.0, 6.1, 1, 0, 0, 0, 1, 0, 0, 0, 0, 0, 0, 0, 0, 0, 0, 1, 0
98.21, 1.3, 1.9, 77.23, 5.2, 6.3, 0, 1, 0, 0, 0, 0, 0, 1, 0, 0, 0, 0, 0, 0, 0, 0, 0
89.75, 2.5, 3.5, 79.26, 4.4, 5.8, 0, 0, 0, 1, 1, 0, 0, 0, 0, 0, 0, 0, 0, 0, 0, 0, 0
87.72, 3.3, 3.9, -48.31, 30.7, 45.8, 0, 0, 0, 0, 1, 0, 0, 0, 0, 0, 0, 0, 0, 0, 0, 1, 0
0, 0, 0, 87.72, 3.3, 5.5, 0, 0, 0, 0, 0, 1, 0, 1, 0, 1, 0, 0, 0, 0, 0, 0, 0
98.21, 1.3, 2.9, 81.29, 3.7, 4.8, 0, 0, 0, 0, 1, 1, 0, 1, 0, 0, 0, 0, 0, 0, 0, 0, 0
89.75, 2.5, 3.1, 86.71, 3.7, 5.1, 0, 0, 0, 0, 1, 1, 0, 0, 0, 0, 0, 1, 0, 0, 0, 0, 0
98.21, 1.3, 3.5, 86.71, 3.7, 6.2, 0, 0, 1, 0, 0, 0, 0, 1, 0, 0, 0, 0, 0, 0, 0, 0, 0
86.71, 3.7, 5.1, 69.79, 6.0, 7.1, 0, 0, 0, 0, 0, 1, 0, 0, 0, 0, 0, 0, 0, 0, 0, 1, 1
87.72, 3.3, 4.9, 77.23, 5.2, 7.2, 0, 0, 0, 1, 0, 1, 0, 0, 0, 0, 0, 0, 0, 0, 0, 0, 0
89.75, 2.5, 4.1, 88.74, 2.9, 5.2, 1, 0, 0, 0, 1, 1, 0, 0, 0, 0, 0, 0, 0, 0, 0, 0, 0
88.74, 2.9, 3.9, 84.68, 4.4, 6.4, 1, 0, 0, 0, 1, 0, 0, 0, 0, 0, 0, 0, 0, 0, 0, 1, 0
81.29, 3.7, 3.8, 71.14, 7.6, 9.9, 0, 0, 0, 0, 0, 1, 0, 0, 0, 0, 0, 0, 0, 0, 0, 0, 0
88.74, 2.9, 3.5, 89.75, 2.5, 4.6, 0, 0, 0, 1, 0, 1, 0, 0, 0, 0, 0, 0, 1, 0, 0, 0, 0
98.21, 1.3, 2.7, 88.74, 2.9, 4.8, 0, 0, 0, 1, 0, 1, 0, 0, 0, 0, 0, 0, 1, 0, 0, 0, 0
88.74, 2.9, 3.3, 83.66, 4.8, 7.2, 0, 0, 0, 0, 0, 1, 0, 0, 0, 0, 0, 0, 0, 0, 0, 0, 0
98.21, 1.3, 2.4, 88.74, 2.9, 4.1, 1, 0, 0, 1, 1, 0, 0, 0, 0, 0, 0, 0, 0, 0, 0, 0, 0
99.23, 0.9, 2.1, 87.72, 3.3, 4.1, 0, 1, 1, 1, 0, 0, 0, 0, 0, 0, 0, 0, 0, 0, 0, 0, 0
99.23, 0.9, 1.9, 87.72, 3.3, 4.0, 1, 0, 0, 0, 0, 1, 0, 0, 0, 0, 0, 0, 1, 0, 0, 0, 0
99.23, 0.9, 2.2, 89.75, 2.5, 3.8, 0, 0, 0, 0, 1, 1, 0, 0, 0, 0, 0, 0, 0, 0, 0, 0, 0
99.23, 0.9, 2.4, 79.26, 4.4, 8.8, 1, 0, 0, 0, 1, 0, 0, 1, 0, 0, 0, 0, 0, 0, 0, 0, 0
89.75, 2.5, 3.0, 78.25, 4.8, 6.1, 1, 0, 0, 0, 0, 1, 0, 1, 0, 0, 0, 0, 0, 0, 0, 0, 0
0, 0, 0, 79.26, 4.4, 5.7, 1, 0, 0, 0, 0, 0, 0, 1, 0, 0, 0, 0, 0, 0, 0, 1, 0
89.75, 2.5, 2.5, 88.74, 2.9, 4.7, 0, 0, 0, 0, 0, 1, 0, 0, 0, 0, 0, 0, 1, 0, 0, 0, 0
99.23, 0.9, 1.5, 88.74, 2.9, 3.5, 0, 0, 0, 0, 1, 1, 0, 0, 0, 0, 0, 0, 1, 0, 0, 0, 0
90.77, 2.1, 2.6, 0, 0, 0, 0, 0, 0, 0, 0, 0, 0, 0, 0, 0, 0, 1, 0, 1, 0, 1, 0
90.77, 2.1, 3.4, 88.74, 2.9, 5.3, 0, 0, 0, 0, 0, 1, 0, 1, 0, 0, 0, 0, 1, 0, 0, 0, 0
98.21, 1.3, 2.1, 88.74, 2.9, 3.9, 0, 0, 0, 0, 0, 1, 0, 0, 0, 0, 0, 0, 0, 0, 0, 0, 0
89.75, 2.5, 3.8, 87.72, 3.3, 6.2, 0, 0, 0, 0, 0, 1, 0, 0, 0, 0, 0, 0, 0, 0, 0, 0, 0
89.75, 2.5, 3.0, 86.71, 3.7, 4.5, 0, 1, 0, 0, 0, 1, 0, 0, 0, 0, 0, 0, 0, 0, 0, 0, 0
90.77, 2.1, 3.4, 87.72, 3.3, 5.4, 1, 0, 0, 0, 0, 1, 0, 1, 0, 0, 0, 0, 0, 0, 0, 0, 0
88.74, 2.9, 4.0, 80.28, 4.1, 5.5, 1, 0, 0, 0, 0, 0, 0, 0, 0, 0, 0, 0, 0, 0, 0, 1, 0
80.28, 4.1, 5.1, 0, 0, 0, 0, 0, 0, 1, 0, 0, 0, 0, 0, 0, 0, 0, 0, 1, 0, 0, 0
88.74, 2.9, 4.6, 86.71, 3.7, 6.5, 1, 0, 0, 0, 1, 0, 0, 1, 0, 0, 0, 0, 0, 0, 0, 0, 0
96.18, 2.1, 3.9, 86.71, 3.7, 5.1, 0, 0, 0, 1, 1, 0, 0, 0, 0, 0, 0, 0, 1, 0, 0, 0, 0
87.72, 3.3, 4.3, 87.72, 3.3, 5.1, 0, 0, 0, 0, 0, 0, 0, 0, 0, 0, 0, 0, 0, 0, 0, 0, 0
0, 0, 0, 0, 0, 0, 0, 0, 0, 0, 0, 0, 0, 0, 0, 1, 0, 0, 0, 0, 0, 0, 0
90.77, 2.1, 3.3, 78.25, 4.8, 6.1, 0, 0, 0, 0, 0, 0, 0, 0, 0, 1, 0, 0, 0, 0, 0, 0, 0
89.75, 2.5, 3.5, 83.66, 4.8, 6.6, 0, 0, 0, 0, 0, 1, 0, 0, 0, 0, 0, 0, 0, 0, 1, 0, 0
79.26, 4.4, 5.8, 75.2, 6.0, 7.3, 0, 0, 0, 0, 0, 1, 0, 0, 0, 0, 0, 0, 0, 1, 0, 1, 0
87.72, 3.3, 3.7, 0, 0, 0, 0, 0, 0, 0, 0, 1, 0, 0, 0, 0, 0, 0, 1, 0, 0, 0, 0
89.75, 2.5, 3.2, 86.71, 3.7, 4.7, 0, 0, 0, 1, 0, 1, 0, 0, 0, 0, 0, 0, 0, 0, 0, 0, 0
89.75, 2.5, 2.8, 80.28, 4.1, 5.7, 0, 0, 0, 1, 0, 0, 0, 0, 0, 0, 0, 0, 0, 0, 0, 0, 0
88.74, 2.9, 3.7, 79.26, 4.4, 6.2, 0, 0, 0, 1, 1, 1, 0, 0, 0, 0, 0, 0, 0, 0, 0, 0, 0
90.77, 2.1, 3.5, 86.71, 3.7, 6.0, 0, 0, 0, 0, 0, 1, 0, 0, 0, 0, 0, 0, 0, 0, 0, 1, 0
88.74, 2.9, 4.4, 78.25, 4.8, 7.2, 0, 0, 0, 0, 1, 1, 0, 0, 0, 0, 0, 1, 0, 0, 0, 0, 0
89.75, 2.5, 3.6, 87.72, 3.3, 5.1, 1, 0, 0, 0, 1, 0, 0, 0, 0, 0, 0, 0, 0, 0, 0, 1, 0
89.75, 2.5, 3.8, 79.26, 4.4, 6.2, 1, 1, 0, 0, 0, 0, 0, 0, 0, 1, 0, 0, 0, 0, 0, 0, 0
99.23, 0.9, 2.7, 85.69, 4.0, 5.8, 0, 0, 0, 0, 0, 1, 0, 0, 0, 0, 0, 0, 0, 0, 0, 0, 1
89.75, 2.5, 3.5, 87.72, 3.3, 6.0, 1, 0, 0, 0, 0, 1, 0, 0, 0, 0, 0, 0, 0, 0, 0, 0, 0
89.75, 2.5, 3.1, 80.28, 4.1, 5.8, 0, 0, 0, 0, 1, 1, 0, 0, 0, 0, 0, 0, 0, 0, 0, 1, 0
98.21, 1.3, 2.4, 85.69, 4.0, 6.6, 0, 0, 0, 1, 0, 1, 0, 0, 0, 0, 0, 0, 0, 0, 0, 0, 0
89.75, 2.5, 3.5, 0, 0, 0, 0, 0, 1, 1, 0, 0, 1, 0, 0, 0, 0, 0, 0, 0, 0, 0, 0
88.74, 2.9, 3.5, 86.71, 3.7, 5.5, 0, 0, 0, 1, 0, 0, 0, 0, 0, 0, 0, 0, 0, 0, 0, 0, 0
97.2, 1.7, 2.8, 83.66, 4.8, 6.3, 0, 0, 0, 0, 1, 1, 0, 0, 0, 0, 0, 1, 0, 0, 0, 0, 0
89.75, 2.5, 3.6, 87.72, 3.3, 6.2, 0, 0, 0, 0, 1, 1, 0, 0, 0, 0, 0, 0, 0, 0, 0, 0, 0
88.74, 2.9, 4.7, 85.69, 4.0, 6.3, 1, 0, 0, 0, 0, 0, 0, 0, 0, 0, 0, 0, 0, 0, 0, 1, 0
87.72, 3.3, 4.9, 83.66, 4.8, 7.6, 1, 0, 0, 0, 0, 0, 0, 0, 0, 0, 0, 0, 0, 0, 0, 1, 0
98.21, 1.3, 2.6, 97.2, 1.7, 3.9, 0, 0, 0, 1, 0, 1, 0, 0, 0, 0, 0, 0, 0, 0, 0, 0, 0
88.74, 2.9, 5.1, 70.8, 5.6, 7.1, 0, 0, 0, 1, 1, 0, 0, 0, 0, 0, 0, 0, 0, 0, 0, 0, 0
88.74, 2.9, 4.3, 85.69, 4.0, 6.6, 0, 0, 0, 0, 0, 1, 0, 0, 0, 0, 0, 1, 0, 0, 0, 1, 0
87.72, 3.3, 4.6, 0, 0, 0, 0, 0, 0, 0, 0, 1, 0, 0, 0, 0, 0, 0, 0, 0, 0, 0, 0
98.21, 1.3, 2.4, 86.71, 3.7, 5.8, 0, 0, 0, 0, 0, 1, 0, 0, 0, 0, 0, 0, 0, 0, 0, 0, 0
98.21, 1.3, 2.2, 84.68, 4.4, 6.0, 0, 0, 0, 0, 1, 1, 0, 0, 0, 0, 0, 0, 0, 0, 0, 0, 0
0, 0, 0, 79.26, 4.4, 5.3, 0, 1, 0, 1, 0, 0, 0, 1, 0, 0, 0, 0, 0, 0, 0, 0, 0
98.21, 1.3, 3.2, 97.2, 1.7, 3.4, 0, 0, 0, 0, 1, 1, 0, 0, 0, 0, 0, 0, 0, 0, 0, 0, 0
87.72, 3.3, 4.0, 84.68, 4.4, 7.1, 0, 0, 0, 0, 0, 1, 0, 0, 0, 0, 0, 0, 0, 0, 0, 0, 0
97.2, 1.7, 2.8, 85.69, 4.0, 5.1, 0, 0, 0, 0, 1, 1, 0, 0, 1, 0, 0, 0, 0, 0, 0, 0, 0
89.75, 2.5, 3.6, 88.74, 2.9, 4.9, 0, 0, 0, 0, 0, 0, 0, 0, 0, 1, 0, 0, 0, 0, 0, 1, 0
89.75, 2.5, 2.8, 85.69, 4.0, 6.0, 1, 1, 0, 0, 0, 0, 0, 1, 0, 0, 0, 0, 0, 0, 0, 0, 0
98.21, 1.3, 2.8, 85.69, 4.0, 6.6, 0, 0, 0, 0, 1, 1, 0, 0, 0, 0, 0, 0, 0, 0, 0, 0, 0
98.21, 1.3, 3.3, 88.74, 2.9, 5.1, 1, 0, 0, 0, 0, 0, 0, 1, 0, 0, 0, 0, 0, 0, 0, 1, 0
88.74, 2.9, 4.5, 79.26, 4.4, 6.5, 0, 0, 0, 1, 0, 0, 0, 0, 0, 0, 0, 0, 0, 0, 0, 0, 0
88.74, 2.9, 4.6, 78.25, 4.8, 6.6, 0, 0, 0, 0, 0, 0, 0, 0, 0, 0, 0, 0, 0, 0, 0, 0, 0
87.72, 3.3, 4.6, 83.66, 4.8, 6.6, 0, 0, 0, 1, 0, 0, 0, 0, 0, 0, 1, 0, 0, 0, 0, 0, 1
88.74, 2.9, 3.4, 86.71, 3.7, 5.3, 0, 0, 1, 1, 0, 0, 1, 0, 0, 0, 0, 0, 0, 0, 0, 0, 0
89.75, 2.5, 4.6, 78.25, 4.8, 6.1, 1, 1, 0, 0, 0, 0, 0, 0, 0, 0, 0, 0, 0, 1, 0, 0, 0
0, 0, 0, 0, 0, 0, 0, 0, 0, 0, 0, 0, 1, 0, 0, 0, 0, 0, 0, 1, 0, 0, 0
87.72, 3.3, 5.7, 77.23, 5.2, 8.0, 1, 0, 0, 0, 0, 0, 0, 0, 0, 0, 0, 1, 0, 0, 0, 1, 0
89.75, 2.5, 2.4, 79.26, 4.4, 5.8, 0, 0, 0, 0, 1, 0, 0, 0, 0, 0, 0, 0, 0, 0, 0, 1, 0
87.72, 3.3, 4.3, 79.26, 4.4, 5.6, 0, 0, 0, 1, 0, 0, 0, 0, 0, 0, 0, 0, 1, 0, 0, 0, 0
98.21, 1.3, 2.8, 89.75, 2.5, 3.9, 0, 0, 0, 1, 0, 0, 0, 0, 0, 0, 0, 0, 0, 0, 1, 0, 0
89.75, 2.5, 3.3, 81.29, 3.7, 4.4, 0, 0, 0, 1, 0, 1, 0, 0, 0, 0, 0, 0, 0, 0, 0, 0, 0
98.21, 1.3, 2.2, 0, 0, 0, 0, 0, 0, 0, 0, 1, 0, 1, 0, 0, 0, 0, 1, 0, 0, 0, 0
90.77, 2.1, 2.7, 89.75, 2.5, 4.6, 1, 0, 0, 1, 0, 0, 0, 0, 0, 1, 0, 0, 0, 0, 0, 0, 0
87.72, 3.3, 3.8, 85.69, 4.0, 6.0, 0, 0, 0, 1, 0, 1, 0, 0, 0, 0, 0, 0, 0, 0, 0, 0, 0
88.74, 2.9, 3.9, 86.71, 3.7, 5.4, 0, 0, 0, 0, 0, 1, 0, 0, 0, 0, 0, 0, 0, 0, 0, 0, 0
89.75, 2.5, 3.1, 87.72, 3.3, 5.0, 0, 0, 0, 0, 0, 1, 0, 0, 0, 0, 0, 0, 0, 0, 0, 0, 0
89.75, 2.5, 4.0, 79.26, 4.4, 6.2, 1, 0, 0, 0, 1, 1, 0, 0, 0, 0, 0, 0, 0, 0, 0, 0, 0
89.75, 2.5, 3.4, 78.25, 4.8, 5.9, 0, 0, 0, 0, 0, 1, 0, 0, 0, 0, 0, 0, 1, 0, 0, 0, 1
97.2, 1.7, 3.7, 87.72, 3.3, 5.2, 0, 0, 0, 0, 1, 1, 0, 0, 0, 0, 0, 0, 0, 0, 0, 1, 0
90.77, 2.1, 3.7, 88.74, 2.9, 5.5, 1, 0, 0, 0, 1, 0, 0, 0, 0, 0, 0, 0, 1, 0, 0, 0, 0
87.72, 3.3, 4.6, 0, 0, 0, 0, 1, 0, 1, 0, 0, 0, 1, 0, 0, 0, 0, 0, 0, 0, 0, 0
96.18, 2.1, 3.5, 87.72, 3.3, 4.2, 0, 0, 0, 0, 0, 1, 0, 0, 0, 0, 0, 0, 0, 0, 0, 0, 0
90.77, 2.1, 3.3, 78.25, 4.8, 6.3, 1, 1, 0, 0, 0, 0, 0, 0, 0, 0, 0, 0, 0, 1, 0, 0, 0
89.75, 2.5, 3.2, 88.74, 2.9, 3.7, 1, 0, 0, 0, 0, 0, 0, 0, 0, 0, 0, 0, 0, 1, 0, 0, 0
89.75, 2.5, 2.7, 88.74, 2.9, 4.4, 0, 0, 0, 0, 0, 1, 0, 0, 0, 0, 0, 0, 1, 1, 0, 0, 0
85.69, 4.0, 5.3, 76.22, 5.6, 6.4, 0, 0, 0, 1, 0, 1, 0, 0, 0, 0, 0, 0, 1, 0, 0, 0, 0
89.75, 2.5, 4.4, 80.28, 4.1, 5.9, 0, 0, 0, 0, 0, 0, 0, 0, 0, 1, 0, 0, 0, 1, 0, 0, 0
98.21, 1.3, 0.9, 0, 0, 0, 0, 0, 0, 0, 0, 0, 0, 1, 0, 1, 0, 0, 0, 0, 0, 0, 0
98.21, 1.3, 2.6, 93.14, 3.3, 5.8, 0, 0, 0, 0, 0, 0, 0, 0, 0, 0, 0, 0, 0, 0, 0, 0, 0
97.2, 1.7, 2.6, 85.69, 4.0, 6.3, 0, 1, 0, 0, 0, 1, 0, 1, 0, 0, 0, 0, 0, 0, 0, 0, 0
87.72, 3.3, 4.7, 77.23, 5.2, 6.8, 0, 0, 0, 0, 0, 0, 0, 0, 0, 1, 0, 0, 0, 1, 0, 1, 0
97.2, 1.7, 3.2, 87.72, 3.3, 5.3, 0, 0, 0, 1, 1, 0, 0, 0, 0, 0, 0, 0, 1, 0, 0, 0, 0
89.75, 2.5, 3.4, 85.69, 4.0, 5.7, 0, 0, 0, 0, 0, 1, 0, 0, 0, 0, 0, 0, 1, 0, 0, 0, 0
89.75, 2.5, 3.6, 79.26, 4.4, 6.6, 0, 0, 0, 0, 0, 0, 0, 0, 0, 0, 0, 0, 0, 0, 0, 0, 0
88.74, 2.9, 3.7, 80.28, 4.1, 4.7, 0, 0, 0, 0, 0, 1, 0, 0, 0, 0, 0, 0, 0, 0, 0, 1, 0
89.75, 2.5, 4.2, 87.72, 3.3, 5.8, 0, 0, 0, 1, 0, 1, 0, 1, 0, 0, 0, 0, 0, 0, 0, 0, 0
89.75, 2.5, 3.7, 89.75, 2.5, 4.8, 1, 1, 0, 0, 0, 0, 0, 0, 0, 0, 0, 0, 0, 1, 0, 0, 0
87.72, 3.3, 4.8, 87.72, 3.3, 5.4, 0, 0, 0, 0, 0, 0, 0, 0, 0, 0, 0, 0, 0, 0, 0, 0, 0
97.2, 1.7, 3.7, 86.71, 3.7, 5.4, 0, 0, 0, 0, 1, 1, 0, 0, 0, 0, 0, 0, 0, 0, 0, 1, 0
98.21, 1.3, 2.2, 87.72, 3.3, 4.5, 0, 0, 0, 1, 0, 1, 0, 0, 0, 0, 0, 0, 0, 0, 0, 0, 0
89.75, 2.5, 3.0, 88.74, 2.9, 5.0, 0, 0, 0, 1, 1, 0, 0, 0, 0, 0, 0, 0, 0, 0, 0, 1, 0
88.74, 2.9, 3.0, 87.72, 3.3, 4.4, 0, 0, 0, 0, 0, 1, 0, 0, 0, 0, 0, 0, 1, 0, 0, 0, 0
88.74, 2.9, 4.0, 79.26, 4.4, 5.7, 0, 0, 0, 1, 0, 0, 0, 0, 0, 0, 0, 0, 0, 0, 0, 0, 0
98.21, 1.3, 2.6, 87.72, 3.3, 5.1, 1, 0, 0, 1, 0, 0, 0, 0, 0, 1, 0, 0, 0, 0, 0, 0, 0
88.74, 2.9, 3.0, 89.75, 2.5, 4.0, 0, 0, 0, 1, 0, 0, 0, 0, 0, 0, 0, 0, 0, 0, 0, 0, 0
97.2, 1.7, 3.3, 94.15, 2.9, 5.3, 0, 0, 0, 0, 0, 1, 1, 1, 0, 0, 0, 0, 0, 0, 0, 0, 0
81.29, 3.7, 4.1, 88.74, 2.9, 4.8, 1, 1, 0, 0, 0, 0, 0, 0, 0, 0, 0, 0, 0, 1, 0, 0, 0
89.75, 2.5, 3.7, 88.74, 2.9, 5.5, 0, 0, 0, 0, 0, 1, 0, 0, 0, 0, 0, 0, 0, 0, 0, 0, 0
96.18, 2.1, 4.3, 86.71, 3.7, 7.3, 0, 0, 0, 0, 0, 1, 0, 0, 0, 0, 0, 0, 0, 0, 0, 0, 0
98.21, 1.3, 2.8, 79.26, 4.4, 6.4, 0, 0, 0, 0, 0, 0, 0, 0, 0, 1, 0, 0, 0, 0, 0, 0, 0
89.75, 2.5, 2.9, 77.23, 5.2, 6.6, 0, 0, 0, 0, 0, 0, 0, 0, 0, 1, 0, 0, 0, 0, 0, 0, 0
99.23, 0.9, 3.0, 0, 0, 0, 0, 1, 1, 1, 0, 0, 0, 0, 0, 0, 0, 0, 0, 0, 0, 0, 0
97.2, 1.7, 3.3, 81.63, 5.6, 7.6, 0, 0, 0, 0, 0, 1, 0, 0, 0, 0, 0, 0, 0, 0, 0, 0, 0
88.74, 2.9, 3.6, 76.22, 5.6, 7.3, 1, 1, 0, 0, 0, 0, 0, 0, 0, 0, 0, 0, 0, 1, 0, 0, 0
0, 0, 0, 0, 0, 0, 0, 0, 0, 1, 1, 0, 0, 0, 0, 0, 0, 1, 0, 0, 0, 0, 0
89.75, 2.5, 3.0, 86.71, 3.7, 5.3, 0, 0, 0, 0, 0, 1, 0, 0, 0, 0, 0, 0, 0, 0, 0, 1, 0
86.71, 3.7, 6.0, 84.68, 4.4, 7.5, 0, 0, 0, 1, 0, 0, 1, 1, 0, 0, 0, 0, 0, 0, 0, 0, 0
96.18, 2.1, 3.4, 88.74, 2.9, 3.9, 0, 0, 0, 0, 0, 1, 0, 0, 0, 0, 0, 0, 1, 0, 0, 0, 0
79.26, 4.4, 5.5, 76.22, 5.6, 9.2, 0, 0, 0, 0, 0, 1, 0, 0, 0, 0, 0, 0, 0, 0, 0, 0, 0
87.72, 3.3, 3.7, 86.71, 3.7, 4.8, 0, 0, 0, 1, 0, 0, 0, 1, 0, 0, 0, 0, 0, 0, 0, 0, 0
97.2, 1.7, 3.2, 86.71, 3.7, 5.1, 0, 0, 0, 0, 0, 1, 0, 0, 0, 0, 0, 0, 0, 0, 0, 0, 0
88.74, 2.9, 4.6, 77.23, 5.2, 7.4, 0, 0, 0, 0, 1, 1, 0, 0, 0, 0, 0, 1, 0, 0, 0, 0, 0
89.75, 2.5, 3.7, 80.28, 4.1, 5.6, 0, 0, 0, 0, 0, 1, 0, 0, 0, 0, 0, 0, 1, 0, 0, 0, 0
90.77, 2.1, 3.4, 78.25, 4.8, 7.0, 0, 0, 0, 0, 0, 1, 0, 0, 0, 1, 0, 0, 0, 1, 0, 0, 0
88.74, 2.9, 4.2, 87.72, 3.3, 5.6, 0, 0, 0, 1, 0, 0, 0, 0, 0, 0, 0, 0, 0, 1, 0, 0, 0
98.21, 1.3, 3.4, 85.69, 4.0, 6.6, 0, 0, 0, 0, 0, 0, 0, 0, 0, 1, 0, 0, 0, 0, 0, 1, 0
88.74, 2.9, 3.3, 85.69, 4.0, 6.1, 1, 0, 0, 0, 1, 1, 0, 0, 0, 0, 0, 0, 0, 0, 0, 0, 0
99.23, 0.9, 2.6, 87.72, 3.3, 5.2, 0, 0, 0, 0, 1, 1, 0, 0, 0, 0, 0, 1, 0, 0, 0, 0, 0
90.77, 2.1, 3.6, 87.72, 3.3, 4.5, 0, 0, 0, 0, 0, 0, 0, 0, 0, 1, 0, 1, 0, 0, 0, 1, 0
89.75, 2.5, 3.9, 77.23, 5.2, 6.7, 0, 0, 0, 0, 0, 0, 0, 0, 0, 1, 0, 0, 0, 0, 0, 0, 0
89.75, 2.5, 3.5, 88.74, 2.9, 4.7, 0, 0, 0, 1, 0, 0, 0, 0, 0, 1, 0, 0, 0, 0, 0, 0, 0
85.69, 4.0, 5.3, 84.68, 4.4, 6.7, 0, 0, 0, 0, 0, 0, 0, 0, 0, 0, 0, 0, 0, 0, 0, 0, 0
97.2, 1.7, 3.0, 86.71, 3.7, 5.3, 0, 0, 0, 0, 1, 0, 0, 1, 0, 1, 0, 0, 0, 0, 0, 0, 0
97.2, 1.7, 2.8, 86.71, 3.7, 5.8, 0, 0, 0, 0, 0, 1, 0, 0, 0, 0, 0, 0, 1, 0, 0, 0, 1
98.21, 1.3, 2.7, 95.17, 2.5, 4.5, 0, 1, 1, 1, 0, 0, 0, 0, 0, 0, 0, 0, 0, 0, 0, 0, 0
98.21, 1.3, 2.9, 88.74, 2.9, 4.1, 0, 0, 0, 0, 0, 0, 0, 0, 0, 0, 0, 0, 0, 0, 0, 0, 0
98.21, 1.3, 1.7, 96.18, 2.1, 3.7, 0, 0, 0, 0, 1, 1, 0, 0, 0, 0, 0, 0, 0, 0, 0, 0, 0
98.21, 1.3, 1.6, 87.72, 3.3, 5.1, 0, 0, 0, 0, 0, 1, 0, 0, 0, 0, 0, 0, 1, 0, 0, 0, 0
89.75, 2.5, 3.8, 79.26, 4.4, 5.9, 1, 1, 0, 0, 1, 0, 0, 0, 0, 0, 0, 0, 0, 0, 0, 0, 0
97.2, 1.7, 2.3, 87.72, 3.3, 4.0, 0, 0, 0, 1, 0, 1, 0, 0, 0, 0, 0, 0, 0, 0, 0, 0, 0
88.74, 2.9, 4.2, 80.28, 4.1, 5.9, 1, 0, 0, 0, 0, 1, 0, 0, 0, 0, 0, 0, 0, 0, 0, 0, 1
87.72, 3.3, 4.7, 77.23, 5.2, 6.7, 1, 1, 0, 0, 0, 0, 0, 0, 0, 0, 0, 0, 0, 1, 0, 0, 0
90.77, 2.1, 2.7, 87.72, 3.3, 5.3, 0, 0, 0, 1, 0, 1, 0, 0, 0, 0, 0, 0, 0, 0, 0, 0, 0
88.74, 2.9, 4.0, 92.12, 3.6, 5.3, 0, 0, 0, 0, 0, 1, 0, 0, 0, 0, 0, 1, 0, 0, 0, 1, 0
89.75, 2.5, 4.3, 77.23, 5.2, 7.6, 1, 0, 0, 0, 0, 0, 0, 0, 0, 0, 0, 0, 0, 1, 0, 1, 0
87.72, 3.3, 4.4, 76.22, 5.6, 7.1, 0, 0, 0, 0, 0, 1, 0, 0, 0, 0, 0, 0, 0, 0, 0, 0, 0
98.21, 1.3, 2.6, 89.75, 2.5, 4.4, 1, 0, 0, 0, 1, 1, 0, 0, 0, 0, 0, 0, 0, 0, 0, 0, 0
89.75, 2.5, 3.1, 85.69, 4.0, 6.0, 0, 0, 0, 0, 1, 1, 0, 0, 0, 0, 0, 0, 0, 0, 0, 0, 0
97.2, 1.7, 2.5, 86.71, 3.7, 4.9, 0, 0, 0, 1, 0, 1, 0, 0, 0, 0, 0, 0, 1, 0, 0, 0, 0
79.26, 4.4, 5.4, 67.76, 6.8, 8.6, 0, 0, 0, 0, 0, 1, 0, 0, 0, 0, 0, 0, 0, 1, 0, 1, 0
99.23, 0.9, 2.4, 88.74, 2.9, 4.4, 1, 0, 0, 0, 1, 1, 0, 0, 0, 0, 0, 0, 0, 0, 0, 0, 0
97.2, 1.7, 2.7, 95.17, 2.5, 4.7, 0, 0, 0, 0, 0, 1, 0, 0, 0, 0, 0, 1, 0, 0, 0, 0, 0
98.21, 1.3, 2.9, 85.69, 4.0, 6.4, 1, 0, 0, 0, 1, 0, 0, 0, 0, 0, 0, 0, 0, 0, 0, 1, 0
99.23, 0.9, 2.4, 88.74, 2.9, 3.7, 0, 0, 0, 0, 0, 1, 0, 1, 0, 0, 0, 0, 1, 0, 0, 0, 0
85.69, 4.0, 5.7, 0, 0, 0, 0, 1, 0, 0, 0, 1, 0, 0, 0, 1, 0, 0, 0, 0, 0, 0, 0
88.74, 2.9, 4.9, 77.23, 5.2, 7.8, 1, 0, 0, 0, 0, 0, 0, 1, 0, 0, 0, 0, 0, 0, 0, 1, 0
89.75, 2.5, 3.2, 84.68, 4.4, 5.9, 0, 0, 0, 0, 0, 0, 0, 0, 0, 1, 0, 0, 0, 0, 0, 0, 0
88.74, 2.9, 3.7, 79.26, 4.4, 5.6, 0, 0, 0, 1, 0, 1, 0, 0, 0, 0, 0, 0, 0, 0, 0, 0, 0
80.28, 4.1, 6.5, 76.22, 5.6, 7.3, 0, 1, 0, 1, 0, 0, 0, 1, 0, 0, 0, 0, 0, 0, 0, 0, 0
88.74, 2.9, 4.1, 75.2, 6.0, 7.9, 0, 0, 0, 0, 0, 0, 0, 0, 0, 0, 0, 0, 0, 0, 1, 0, 0
88.74, 2.9, 4.3, 87.72, 3.3, 5.5, 0, 0, 0, 0, 0, 1, 0, 1, 0, 1, 0, 0, 0, 0, 0, 0, 0
88.74, 2.9, 4.0, 75.2, 6.0, 7.4, 0, 0, 0, 0, 1, 1, 0, 0, 0, 0, 0, 1, 0, 0, 0, 0, 0
88.74, 2.9, 3.1, 77.23, 5.2, 6.9, 1, 0, 0, 0, 0, 1, 0, 0, 0, 0, 0, 0, 0, 0, 0, 0, 0
98.21, 1.3, 3.0, 0, 0, 0, 0, 0, 0, 0, 0, 0, 0, 0, 0, 0, 0, 0, 0, 0, 0, 0, 0
98.21, 1.3, 2.9, 88.74, 2.9, 5.2, 0, 0, 0, 1, 1, 0, 0, 0, 0, 0, 0, 0, 0, 0, 0, 0, 0
88.74, 2.9, 3.3, 77.23, 5.2, 6.7, 0, 0, 0, 1, 0, 1, 0, 0, 0, 0, 0, 0, 1, 0, 0, 0, 0
87.72, 3.3, 4.1, 76.22, 5.6, 6.9, 0, 0, 0, 0, 1, 1, 0, 0, 0, 0, 0, 0, 0, 0, 0, 0, 0
87.72, 3.3, 3.8, 85.69, 4.0, 6.0, 0, 0, 0, 0, 0, 0, 0, 0, 0, 0, 0, 0, 0, 0, 1, 0, 0
89.75, 2.5, 2.2, 87.72, 3.3, 4.9, 0, 0, 0, 0, 0, 1, 0, 0, 0, 0, 0, 0, 0, 0, 0, 0, 0
89.75, 2.5, 3.5, 78.25, 4.8, 6.2, 1, 1, 0, 0, 0, 0, 0, 0, 0, 0, 0, 0, 0, 1, 0, 0, 0
89.75, 2.5, 3.8, 89.75, 2.5, 5.2, 1, 0, 0, 0, 1, 1, 0, 0, 0, 0, 0, 0, 0, 0, 0, 0, 0
98.21, 1.3, 2.1, 0, 0, 0, 0, 0, 0, 0, 0, 1, 0, 0, 0, 0, 0, 0, 1, 0, 0, 0, 0
96.18, 2.1, 3.3, 88.74, 2.9, 5.0, 0, 0, 0, 0, 0, 1, 0, 0, 0, 0, 0, 0, 0, 0, 0, 0, 0
0, 0, 0, 79.26, 4.4, 5.6, 0, 0, 0, 0, 0, 0, 0, 0, 0, 1, 0, 1, 0, 0, 0, 1, 0
98.21, 1.3, 1.8, 96.18, 2.1, 4.1, 0, 0, 0, 1, 0, 1, 0, 0, 0, 0, 0, 0, 1, 0, 0, 0, 0
97.2, 1.7, 2.7, 95.17, 2.5, 4.8, 0, 0, 0, 0, 0, 1, 0, 0, 0, 0, 0, 0, 0, 0, 0, 0, 0
88.74, 2.9, 4.8, 79.26, 4.4, 5.7, 0, 0, 0, 0, 0, 1, 0, 0, 0, 0, 0, 0, 1, 0, 0, 0, 0
89.75, 2.5, 3.2, 87.72, 3.3, 4.3, 0, 1, 0, 1, 0, 1, 0, 0, 0, 0, 0, 0, 0, 0, 0, 0, 0
97.2, 1.7, 3.2, 0, 0, 0, 0, 0, 0, 0, 0, 1, 0, 0, 0, 0, 0, 0, 0, 0, 0, 0, 0
89.75, 2.5, 3.8, 0, 0, 0, 0, 0, 0, 0, 0, 0, 0, 0, 0, 0, 0, 0, 0, 1, 0, 1, 0
98.21, 1.3, 2.4, 85.69, 4.0, 6.4, 0, 0, 0, 0, 1, 1, 0, 1, 0, 0, 0, 0, 0, 0, 0, 0, 0
90.77, 2.1, 3.8, 90.77, 2.1, 4.2, 0, 0, 0, 1, 0, 0, 0, 1, 0, 1, 0, 0, 0, 0, 0, 0, 0
87.72, 3.3, 5.3, 83.66, 4.8, 7.5, 0, 0, 0, 1, 0, 0, 0, 1, 0, 1, 0, 0, 0, 0, 0, 0, 0
98.21, 1.3, 2.7, 85.69, 4.0, 6.4, 0, 0, 0, 0, 1, 1, 0, 0, 0, 0, 0, 0, 0, 0, 0, 1, 0
89.75, 2.5, 3.6, 86.71, 3.7, 5.8, 0, 0, 0, 0, 0, 0, 0, 0, 0, 0, 0, 0, 0, 0, 0, 0, 0
88.74, 2.9, 3.6, 85.69, 4.0, 5.8, 0, 0, 0, 1, 0, 0, 0, 1, 0, 0, 0, 0, 1, 0, 0, 0, 0
89.75, 2.5, 3.0, 87.72, 3.3, 5.9, 0, 0, 0, 0, 0, 0, 0, 1, 0, 1, 0, 1, 0, 0, 0, 0, 0
89.75, 2.5, 4.0, 80.28, 4.1, 5.0, 0, 0, 0, 1, 1, 1, 0, 0, 0, 0, 0, 0, 0, 0, 0, 0, 0
96.18, 2.1, 3.8, 86.71, 3.7, 5.5, 0, 0, 0, 1, 0, 0, 0, 0, 0, 0, 0, 0, 1, 0, 0, 0, 0
89.75, 2.5, 3.9, 79.26, 4.4, 6.7, 0, 0, 0, 0, 0, 0, 0, 0, 0, 1, 0, 0, 0, 0, 0, 1, 0
90.77, 2.1, 3.6, 88.74, 2.9, 5.2, 1, 0, 0, 0, 0, 0, 0, 1, 0, 0, 0, 0, 0, 0, 0, 0, 0
88.74, 2.9, 3.8, 86.71, 3.7, 6.4, 0, 0, 0, 1, 0, 0, 0, 0, 0, 0, 0, 0, 0, 0, 0, 0, 0
89.75, 2.5, 3.3, 86.71, 3.7, 5.4, 1, 0, 0, 0, 0, 1, 0, 0, 0, 0, 0, 0, 0, 0, 0, 1, 0
88.74, 2.9, 5.7, 84.68, 4.4, 7.0, 0, 0, 0, 1, 0, 1, 0, 0, 0, 0, 0, 0, 1, 0, 0, 0, 0
88.74, 2.9, 4.1, 86.71, 3.7, 5.1, 0, 0, 0, 0, 1, 1, 0, 0, 0, 0, 0, 0, 0, 0, 0, 1, 0
88.74, 2.9, 4.0, 0, 0, 0, 0, 0, 0, 1, 0, 1, 0, 0, 0, 0, 0, 0, 0, 0, 0, 0, 0
89.75, 2.5, 3.6, 0, 0, 0, 0, 0, 1, 1, 0, 0, 1, 0, 0, 0, 0, 0, 0, 0, 0, 0, 0
98.21, 1.3, 2.6, 96.18, 2.1, 4.1, 1, 0, 0, 0, 1, 1, 0, 0, 0, 0, 0, 0, 0, 0, 0, 0, 0
89.75, 2.5, 3.7, 86.71, 3.7, 6.5, 1, 0, 0, 0, 1, 1, 0, 0, 0, 0, 0, 0, 0, 0, 0, 0, 0
88.74, 2.9, 3.7, 87.72, 3.3, 5.1, 0, 0, 0, 0, 0, 0, 0, 0, 0, 0, 0, 0, 0, 0, 0, 0, 0
89.75, 2.5, 3.1, 87.72, 3.3, 4.9, 0, 0, 0, 0, 0, 0, 0, 1, 0, 1, 0, 1, 0, 0, 0, 0, 0
96.18, 2.1, 2.8, 97.2, 1.7, 3.5, 0, 0, 0, 1, 0, 1, 0, 0, 0, 0, 0, 0, 1, 0, 0, 0, 0
90.77, 2.1, 3.2, 88.74, 2.9, 5.4, 1, 0, 0, 0, 1, 1, 0, 0, 0, 0, 0, 0, 0, 0, 0, 0, 0
89.75, 2.5, 3.7, 79.26, 4.4, 6.7, 0, 0, 0, 1, 1, 1, 0, 0, 0, 0, 0, 0, 0, 0, 0, 0, 0
88.74, 2.9, 4.4, 77.23, 5.2, 6.8, 0, 0, 0, 0, 1, 1, 0, 0, 0, 0, 0, 0, 0, 0, 0, 0, 0
88.74, 2.9, 11.7, 85.69, 4.0, 6.2, 0, 1, 1, 0, 0, 0, 0, 1, 0, 0, 0, 0, 0, 0, 0, 0, 0
88.74, 2.9, 3.7, 86.71, 3.7, 5.5, 0, 0, 0, 1, 0, 0, 0, 0, 0, 0, 0, 0, 0, 0, 0, 0, 0
98.21, 1.3, 3.1, 87.72, 3.3, 4.3, 1, 0, 0, 0, 1, 1, 0, 0, 0, 0, 0, 0, 0, 0, 0, 0, 0
90.77, 2.1, 2.7, 75.2, 6.0, 7.3, 0, 0, 0, 0, 0, 0, 0, 0, 0, 1, 0, 0, 0, 0, 0, 1, 0
89.75, 2.5, 3.8, 79.26, 4.4, 5.9, 1, 0, 0, 0, 0, 0, 0, 1, 0, 1, 0, 0, 0, 0, 0, 0, 0
87.72, 3.3, 4.9, 85.69, 4.0, 6.8, 0, 0, 0, 0, 0, 0, 0, 0, 0, 0, 0, 0, 0, 0, 0, 0, 0
100.24, 0.5, 2.3, 87.72, 3.3, 4.7, 0, 0, 0, 0, 0, 0, 0, 1, 0, 1, 0, 0, 0, 0, 0, 0, 0
99.23, 0.9, 2.3, 84.68, 4.4, 6.7, 0, 0, 0, 0, 0, 0, 0, 0, 0, 0, 0, 0, 0, 0, 0, 0, 0
89.75, 2.5, 3.0, 86.71, 3.7, 5.2, 0, 0, 0, 0, 0, 0, 0, 0, 0, 1, 0, 1, 0, 0, 0, 1, 0
89.75, 2.5, 3.5, 79.26, 4.4, 5.6, 0, 0, 0, 0, 0, 0, 0, 0, 0, 1, 0, 1, 0, 0, 0, 1, 0
89.75, 2.5, 3.8, 79.26, 4.4, 5.7, 0, 0, 0, 0, 0, 1, 0, 0, 0, 0, 0, 0, 0, 0, 0, 0, 0
89.75, 2.5, 3.7, 87.72, 3.3, 4.9, 0, 0, 0, 1, 0, 1, 0, 0, 0, 0, 0, 0, 0, 0, 0, 0, 0
99.23, 0.9, 2.5, 88.74, 2.9, 4.2, 0, 0, 0, 1, 1, 1, 0, 0, 0, 0, 0, 0, 0, 0, 0, 0, 0
97.2, 1.7, 1.9, 96.18, 2.1, 4.3, 0, 0, 0, 0, 0, 1, 0, 0, 0, 0, 0, 0, 0, 0, 0, 0, 0
87.72, 3.3, 3.5, 86.71, 3.7, 5.0, 0, 0, 0, 1, 0, 1, 0, 0, 0, 0, 0, 0, 0, 0, 0, 0, 0
89.75, 2.5, 2.8, 79.26, 4.4, 5.4, 1, 1, 0, 0, 0, 0, 0, 1, 0, 0, 0, 0, 0, 0, 0, 0, 0
79.26, 4.4, 6.0, 0, 0, 0, 1, 1, 0, 0, 0, 0, 0, 1, 0, 0, 0, 0, 0, 0, 0, 0, 0
89.75, 2.5, 3.7, 86.71, 3.7, 6.0, 0, 0, 0, 0, 0, 0, 0, 0, 0, 1, 0, 0, 0, 0, 0, 0, 0
88.74, 2.9, 3.9, 87.72, 3.3, 5.0, 0, 0, 0, 1, 0, 1, 0, 0, 0, 0, 0, 0, 1, 0, 0, 0, 0
88.74, 2.9, 4.1, 78.25, 4.8, 6.6, 0, 0, 0, 0, 0, 1, 0, 0, 0, 0, 0, 0, 0, 0, 0, 0, 0
88.74, 2.9, 4.1, 87.72, 3.3, 5.9, 0, 1, 0, 1, 0, 0, 0, 0, 0, 0, 0, 0, 0, 1, 0, 0, 0
89.75, 2.5, 3.6, 80.28, 4.1, 5.3, 0, 0, 0, 0, 0, 0, 0, 0, 0, 1, 0, 0, 0, 1, 0, 0, 0
95.17, 2.5, 3.9, 74.53, 8.3, 10.9, 0, 0, 0, 0, 1, 1, 0, 0, 0, 0, 0, 0, 0, 0, 0, 0, 0
89.75, 2.5, 3.0, 86.71, 3.7, 5.4, 0, 0, 0, 1, 1, 0, 0, 0, 0, 0, 0, 0, 0, 0, 0, 0, 0
97.2, 1.7, 2.9, 86.71, 3.7, 5.5, 0, 0, 0, 0, 0, 1, 0, 0, 0, 0, 0, 0, 1, 0, 0, 0, 0
79.26, 4.4, 5.2, 78.25, 4.8, 6.8, 0, 0, 0, 1, 0, 1, 0, 0, 0, 0, 0, 1, 0, 0, 0, 0, 0
99.23, 0.9, 2.1, 76.56, 7.6, 11.0, 1, 0, 0, 0, 1, 1, 0, 0, 0, 0, 0, 0, 0, 0, 0, 0, 0
89.75, 2.5, 2.9, 87.72, 3.3, 4.7, 0, 0, 0, 1, 0, 0, 0, 0, 0, 0, 0, 0, 0, 1, 0, 0, 0
89.75, 2.5, 2.3, 80.28, 4.1, 5.4, 0, 0, 0, 0, 0, 1, 0, 0, 0, 0, 0, 0, 0, 0, 0, 0, 1
97.2, 1.7, 3.4, 87.72, 3.3, 5.1, 0, 0, 0, 0, 0, 0, 0, 0, 0, 1, 0, 0, 0, 0, 0, 0, 0
89.75, 2.5, 4.3, 80.28, 4.1, 5.6, 0, 0, 0, 1, 0, 1, 0, 0, 0, 0, 0, 0, 1, 0, 0, 0, 0
89.75, 2.5, 4.8, 81.29, 3.7, 6.8, 0, 1, 1, 0, 0, 0, 1, 0, 0, 0, 0, 0, 0, 0, 0, 0, 0
89.75, 2.5, 3.9, 79.26, 4.4, 7.4, 1, 1, 1, 0, 0, 0, 0, 0, 0, 0, 0, 0, 0, 0, 0, 0, 0
88.74, 2.9, 4.5, 76.22, 5.6, 7.1, 1, 1, 0, 1, 0, 0, 0, 0, 0, 0, 0, 0, 0, 0, 0, 0, 0
87.72, 3.3, 5.4, 77.23, 5.2, 7.2, 0, 0, 0, 1, 0, 0, 0, 1, 0, 0, 0, 0, 0, 0, 0, 0, 0
89.75, 2.5, 3.5, 88.74, 2.9, 4.7, 0, 0, 0, 1, 0, 1, 0, 0, 0, 0, 0, 0, 0, 0, 0, 0, 0
80.28, 4.1, 4.6, 79.26, 4.4, 6.9, 1, 1, 0, 0, 0, 0, 0, 0, 0, 0, 0, 0, 0, 0, 0, 1, 0
89.75, 2.5, 3.6, 87.72, 3.3, 5.8, 1, 1, 0, 0, 0, 0, 0, 0, 0, 0, 0, 0, 0, 1, 0, 0, 0
89.75, 2.5, 3.0, 87.72, 3.3, 5.0, 0, 0, 0, 0, 0, 1, 0, 0, 0, 0, 0, 0, 0, 0, 0, 0, 0
97.2, 1.7, 2.9, 86.71, 3.7, 5.7, 0, 0, 0, 1, 1, 0, 0, 0, 0, 0, 0, 0, 0, 0, 0, 0, 0
97.2, 1.7, 3.8, 96.18, 2.1, 5.0, 0, 0, 0, 0, 1, 0, 0, 0, 0, 1, 0, 0, 0, 0, 0, 0, 0
90.77, 2.1, 3.2, 88.74, 2.9, 4.5, 0, 0, 0, 0, 0, 0, 0, 0, 0, 1, 0, 1, 0, 0, 0, 0, 0
88.74, 2.9, 3.3, 78.25, 4.8, 6.1, 0, 0, 0, 1, 0, 1, 0, 0, 0, 0, 0, 0, 0, 0, 0, 0, 0
81.29, 3.7, 4.3, 82.31, 3.3, 6.1, 1, 0, 0, 0, 0, 0, 0, 0, 0, 0, 0, 1, 0, 1, 0, 0, 0
86.71, 3.7, 4.7, 86.71, 3.7, 5.2, 0, 0, 0, 0, 0, 1, 0, 0, 0, 0, 0, 0, 0, 0, 0, 0, 0
89.75, 2.5, 3.6, 79.26, 4.4, 5.7, 0, 0, 0, 0, 0, 1, 0, 0, 0, 0, 0, 0, 0, 0, 0, 0, 0
90.77, 2.1, 4.1, 79.26, 4.4, 6.2, 0, 1, 0, 0, 0, 0, 0, 1, 0, 0, 0, 1, 0, 0, 0, 0, 0
97.2, 1.7, 3.0, 95.17, 2.5, 4.7, 0, 0, 0, 0, 1, 1, 0, 0, 0, 0, 0, 0, 0, 0, 0, 0, 0
88.74, 2.9, 3.7, 88.74, 2.9, 4.1, 0, 0, 0, 1, 0, 0, 0, 0, 0, 0, 0, 0, 0, 0, 0, 0, 0
89.75, 2.5, 3.6, 86.71, 3.7, 5.9, 1, 0, 0, 0, 0, 0, 0, 0, 0, 0, 0, 1, 0, 1, 0, 0, 0
89.75, 2.5, 3.7, 79.26, 4.4, 6.6, 1, 1, 0, 0, 0, 0, 0, 0, 0, 0, 0, 0, 0, 1, 0, 0, 0
89.75, 2.5, 3.5, 77.23, 5.2, 6.2, 1, 1, 0, 0, 0, 0, 0, 1, 0, 0, 0, 0, 0, 0, 0, 0, 0
89.75, 2.5, 2.6, 84.68, 4.4, 6.3, 0, 0, 0, 0, 0, 0, 0, 0, 0, 0, 0, 0, 0, 0, 0, 0, 0
89.75, 2.5, 3.4, 81.63, 5.6, 8.3, 1, 1, 0, 0, 0, 0, 0, 0, 0, 0, 0, 0, 0, 0, 0, 0, 0
82.31, 3.3, 5.6, 81.29, 3.7, 5.4, 0, 0, 0, 0, 0, 0, 0, 0, 0, 0, 0, 0, 0, 0, 0, 0, 0
87.72, 3.3, 4.2, 0, 0, 0, 0, 0, 0, 0, 1, 0, 0, 0, 0, 0, 0, 0, 0, 0, 0, 1, 0
87.72, 3.3, 5.0, 0, 0, 0, 0, 1, 0, 0, 0, 1, 0, 0, 0, 0, 0, 0, 0, 0, 0, 0, 1
89.75, 2.5, 4.1, 79.26, 4.4, 6.0, 0, 0, 0, 0, 0, 1, 0, 0, 0, 0, 0, 0, 0, 0, 0, 1, 0
89.75, 2.5, 2.7, 88.74, 2.9, 4.8, 0, 0, 0, 0, 0, 0, 0, 1, 0, 1, 0, 1, 0, 0, 0, 0, 0
90.77, 2.1, 3.2, 90.77, 2.1, 3.9, 0, 0, 0, 0, 0, 1, 0, 0, 0, 0, 0, 1, 0, 0, 0, 1, 0
89.75, 2.5, 3.4, 78.25, 4.8, 5.9, 0, 1, 0, 0, 0, 1, 0, 0, 0, 0, 0, 0, 0, 1, 0, 0, 0
98.21, 1.3, 2.1, 87.72, 3.3, 5.6, 0, 0, 0, 0, 0, 1, 0, 1, 0, 1, 0, 0, 0, 0, 0, 0, 0
87.72, 3.3, 3.8, 84.68, 4.4, 6.3, 0, 1, 0, 0, 0, 1, 0, 0, 0, 0, 0, 0, 0, 0, 0, 0, 0
89.75, 2.5, 3.7, 79.26, 4.4, 5.5, 0, 0, 0, 1, 1, 0, 0, 0, 0, 0, 0, 0, 1, 0, 0, 0, 0
98.21, 1.3, 2.6, 84.68, 4.4, 7.0, 0, 0, 0, 0, 0, 1, 0, 0, 0, 0, 0, 0, 1, 0, 0, 0, 0
88.74, 2.9, 3.3, 86.71, 3.7, 5.1, 0, 0, 0, 1, 0, 0, 0, 1, 0, 0, 0, 0, 1, 0, 0, 0, 0
89.75, 2.5, 3.6, 78.25, 4.8, 6.5, 0, 0, 0, 0, 0, 1, 0, 0, 0, 0, 0, 0, 0, 0, 0, 0, 0
87.72, 3.3, 4.9, 77.23, 5.2, 7.6, 0, 0, 0, 0, 0, 1, 0, 0, 0, 0, 0, 0, 0, 0, 0, 0, 0
98.21, 1.3, 2.0, 85.69, 4.0, 6.1, 1, 1, 0, 0, 0, 0, 0, 0, 0, 0, 0, 0, 1, 0, 0, 0, 0
0, 0, 0, 0, 0, 0, 0, 0, 0, 1, 0, 0, 0, 0, 0, 0, 0, 0, 1, 0, 0, 0, 0
0, 0, 0, 0, 0, 0, 0, 0, 0, 1, 0, 0, 0, 0, 0, 0, 0, 0, 1, 0, 0, 0, 0
98.21, 1.3, 3.0, 85.69, 4.0, 5.6, 0, 0, 0, 0, 0, 1, 1, 1, 0, 0, 0, 0, 0, 0, 0, 0, 0
88.74, 2.9, 3.3, 86.71, 3.7, 4.7, 0, 0, 0, 1, 0, 1, 0, 0, 0, 0, 0, 0, 1, 0, 0, 0, 0
88.74, 2.9, 3.1, 86.71, 3.7, 5.8, 1, 0, 0, 0, 1, 0, 0, 0, 0, 0, 0, 0, 0, 0, 0, 1, 0
98.21, 1.3, 2.7, 85.69, 4.0, 6.3, 0, 0, 0, 0, 0, 1, 0, 0, 0, 0, 0, 1, 0, 1, 0, 0, 0
97.2, 1.7, 2.4, 86.71, 3.7, 5.6, 0, 0, 0, 0, 1, 0, 0, 0, 0, 0, 0, 0, 0, 0, 0, 1, 0
90.77, 2.1, 2.6, 79.26, 4.4, 5.0, 0, 0, 0, 0, 0, 1, 0, 0, 0, 1, 0, 1, 0, 0, 0, 0, 0
88.74, 2.9, 2.5, 88.74, 2.9, 3.9, 0, 0, 0, 0, 0, 1, 0, 0, 0, 0, 0, 0, 1, 0, 0, 0, 0
99.23, 0.9, 2.9, 88.74, 2.9, 5.3, 0, 0, 0, 0, 0, 0, 0, 0, 0, 1, 0, 0, 0, 1, 0, 1, 0
88.74, 2.9, 3.8, 75.2, 6.0, 7.4, 0, 1, 0, 0, 0, 1, 0, 0, 0, 0, 0, 0, 0, 0, 0, 1, 0
89.75, 2.5, 3.2, 76.22, 5.6, 7.3, 0, 0, 0, 0, 0, 0, 0, 0, 0, 1, 0, 0, 0, 0, 0, 1, 0
87.72, 3.3, 4.3, 86.71, 3.7, 5.6, 0, 0, 0, 1, 0, 0, 0, 0, 0, 0, 0, 0, 0, 0, 0, 0, 0
98.21, 1.3, 2.4, 89.75, 2.5, 3.8, 0, 0, 0, 0, 0, 0, 0, 0, 0, 0, 0, 0, 0, 0, 0, 0, 0
89.75, 2.5, 4.4, 78.25, 4.8, 6.9, 0, 0, 0, 1, 0, 0, 0, 1, 0, 1, 0, 0, 0, 0, 0, 0, 0
88.74, 2.9, 3.7, 79.26, 4.4, 5.5, 0, 0, 0, 1, 0, 1, 0, 0, 0, 0, 0, 0, 1, 0, 0, 0, 0
78.25, 4.8, 5.5, 0, 0, 0, 0, 0, 0, 0, 0, 1, 0, 0, 0, 0, 0, 0, 0, 0, 0, 1, 0
98.21, 1.3, 2.3, 86.71, 3.7, 5.0, 0, 0, 0, 0, 1, 1, 0, 0, 0, 0, 0, 0, 0, 0, 0, 1, 0
99.23, 0.9, 2.2, 88.74, 2.9, 4.6, 0, 0, 0, 0, 1, 1, 0, 0, 0, 0, 0, 0, 0, 0, 0, 1, 0
89.75, 2.5, 4.6, 87.72, 3.3, 5.8, 1, 0, 0, 0, 1, 0, 0, 0, 0, 0, 0, 0, 0, 1, 0, 0, 0
88.74, 2.9, 3.2, 79.26, 4.4, 5.8, 0, 0, 0, 1, 0, 1, 0, 0, 0, 0, 0, 0, 1, 0, 0, 0, 0
89.75, 2.5, 4.2, 88.74, 2.9, 4.9, 0, 1, 0, 0, 0, 0, 0, 0, 0, 0, 0, 0, 0, 1, 0, 1, 0
89.75, 2.5, 3.0, 86.71, 3.7, 6.1, 1, 1, 0, 0, 0, 0, 0, 0, 0, 0, 0, 0, 0, 1, 0, 0, 0
87.72, 3.3, 4.3, 83.66, 4.8, 7.2, 0, 0, 0, 0, 0, 0, 0, 0, 0, 0, 0, 0, 0, 1, 1, 0, 0
79.26, 4.4, 4.9, 0, 0, 0, 0, 0, 0, 1, 0, 1, 0, 0, 0, 0, 0, 1, 0, 0, 0, 0, 0
89.75, 2.5, 3.7, 87.72, 3.3, 5.2, 0, 0, 0, 0, 1, 1, 0, 0, 0, 1, 0, 0, 0, 0, 0, 0, 0
89.75, 2.5, 3.2, 80.28, 4.1, 5.3, 0, 0, 0, 1, 0, 0, 0, 1, 0, 0, 0, 0, 1, 0, 0, 0, 0
99.23, 0.9, 1.7, 88.74, 2.9, 3.6, 0, 0, 0, 0, 0, 1, 0, 0, 0, 0, 0, 0, 0, 0, 0, 0, 0
89.75, 2.5, 3.2, 97.2, 1.7, 3.7, 0, 0, 0, 1, 0, 1, 0, 0, 0, 0, 0, 0, 0, 0, 0, 0, 0
96.18, 2.1, 3.3, 85.69, 4.0, 5.5, 0, 0, 0, 0, 0, 0, 0, 0, 0, 0, 0, 0, 0, 0, 0, 0, 0
98.21, 1.3, 2.6, 87.72, 3.3, 4.0, 0, 0, 0, 0, 1, 1, 0, 0, 0, 0, 0, 0, 0, 0, 0, 1, 0
89.75, 2.5, 4.0, 87.72, 3.3, 5.7, 1, 1, 0, 0, 0, 1, 0, 0, 0, 0, 0, 0, 0, 0, 0, 0, 0
88.74, 2.9, 3.2, 78.25, 4.8, 6.2, 0, 0, 0, 1, 0, 1, 0, 0, 0, 0, 0, 0, 0, 0, 0, 0, 0
89.75, 2.5, 4.7, 79.26, 4.4, 7.1, 0, 0, 0, 0, 0, 1, 0, 0, 0, 0, 0, 0, 0, 0, 0, 0, 0
89.75, 2.5, 3.6, 79.26, 4.4, 6.9, 1, 0, 0, 0, 0, 1, 0, 0, 0, 0, 0, 0, 0, 0, 0, 1, 0
87.72, 3.3, 4.3, 75.2, 6.0, 7.7, 0, 0, 0, 0, 1, 0, 0, 0, 0, 0, 0, 1, 0, 0, 0, 1, 0
98.21, 1.3, 2.1, 90.77, 2.1, 2.9, 0, 0, 0, 1, 0, 0, 0, 0, 0, 0, 0, 0, 1, 0, 0, 0, 0
88.74, 2.9, 3.9, 84.68, 4.4, 5.9, 0, 0, 0, 0, 0, 1, 0, 0, 0, 0, 0, 0, 1, 0, 0, 0, 0
89.75, 2.5, 2.1, 79.26, 4.4, 5.4, 0, 0, 0, 0, 0, 1, 0, 0, 0, 0, 0, 0, 0, 0, 0, 0, 0
89.75, 2.5, 3.0, 88.74, 2.9, 4.0, 1, 1, 1, 0, 0, 0, 0, 0, 0, 0, 0, 0, 0, 0, 0, 0, 0
89.75, 2.5, 3.4, 88.74, 2.9, 4.7, 0, 0, 0, 0, 1, 1, 0, 0, 0, 0, 0, 1, 0, 0, 0, 0, 0
89.75, 2.5, 3.2, 79.26, 4.4, 5.2, 0, 0, 0, 0, 0, 0, 0, 0, 0, 0, 0, 0, 0, 0, 0, 0, 0
73.85, 4.5, 6.7, 0, 0, 0, 0, 1, 0, 0, 0, 0, 1, 1, 0, 0, 0, 0, 0, 0, 0, 0, 0
78.25, 4.8, 6.2, 85.69, 4.0, 5.7, 0, 0, 0, 1, 1, 0, 0, 0, 0, 0, 0, 0, 0, 0, 0, 1, 0
88.74, 2.9, 3.7, 88.74, 2.9, 5.0, 0, 0, 0, 1, 0, 0, 0, 0, 0, 1, 0, 0, 0, 0, 0, 0, 0
0, 0, 0, 88.74, 2.9, 4.5, 0, 0, 0, 0, 0, 0, 0, 0, 0, 1, 0, 0, 0, 0, 0, 0, 0
89.75, 2.5, 3.3, 80.28, 4.1, 4.6, 0, 0, 0, 1, 0, 1, 0, 0, 0, 0, 0, 0, 1, 0, 0, 0, 0
89.75, 2.5, 4.0, 80.28, 4.1, 5.3, 1, 0, 0, 1, 1, 0, 0, 0, 0, 0, 0, 0, 0, 0, 0, 0, 0
98.21, 1.3, 2.8, 88.74, 2.9, 4.6, 0, 0, 0, 0, 0, 1, 0, 0, 0, 0, 0, 0, 1, 0, 0, 0, 0
90.77, 2.1, 2.8, 85.69, 4.0, 6.2, 0, 0, 0, 0, 0, 1, 0, 0, 0, 0, 0, 0, 0, 0, 0, 0, 0
87.72, 3.3, 3.8, 80.28, 4.1, 6.3, 1, 1, 0, 0, 0, 1, 0, 0, 0, 0, 0, 0, 0, 0, 0, 0, 0
80.28, 4.1, 4.4, 78.25, 4.8, 6.4, 1, 0, 0, 0, 0, 1, 0, 0, 0, 0, 0, 0, 0, 0, 0, 0, 0
90.77, 2.1, 3.2, 80.28, 4.1, 4.9, 0, 0, 0, 0, 0, 1, 0, 0, 0, 0, 0, 0, 1, 0, 0, 0, 0
99.23, 0.9, 2.0, 98.21, 1.3, 3.3, 0, 0, 0, 0, 0, 1, 0, 0, 0, 0, 0, 0, 1, 0, 0, 0, 0
89.75, 2.5, 3.5, 87.72, 3.3, 6.6, 0, 0, 0, 0, 1, 1, 0, 0, 0, 0, 0, 0, 0, 0, 0, 1, 0
97.2, 1.7, 2.3, 95.17, 2.5, 3.6, 0, 0, 0, 0, 0, 1, 0, 0, 0, 0, 0, 0, 1, 0, 0, 0, 0
0, 0, 0, 87.72, 3.3, 4.7, 0, 0, 0, 1, 0, 0, 0, 0, 0, 0, 0, 0, 1, 0, 0, 0, 0
32.56, 10.0, 15.9, 0, 0, 0, 0, 0, 0, 0, 1, 1, 0, 0, 0, 0, 0, 0, 0, 0, 0, 0, 0
88.74, 2.9, 4.1, 87.72, 3.3, 5.5, 1, 0, 0, 0, 0, 0, 0, 1, 0, 1, 0, 0, 0, 0, 0, 0, 0
96.18, 2.1, 2.4, 77.23, 5.2, 6.0, 0, 0, 0, 0, 0, 1, 0, 0, 0, 0, 0, 0, 0, 0, 0, 0, 0
89.75, 2.5, 4.1, 77.23, 5.2, 6.4, 0, 0, 0, 0, 0, 1, 0, 0, 0, 0, 0, 0, 0, 0, 0, 0, 0
88.74, 2.9, 3.4, 88.74, 2.9, 5.0, 0, 0, 0, 1, 0, 0, 0, 1, 0, 0, 0, 0, 1, 0, 0, 0, 0
98.21, 1.3, 2.7, 86.71, 3.7, 5.3, 0, 0, 0, 1, 1, 1, 0, 0, 0, 0, 0, 0, 0, 0, 0, 0, 0
99.23, 0.9, 1.6, 84.68, 4.4, 5.5, 0, 0, 0, 0, 0, 1, 0, 0, 0, 0, 0, 0, 0, 0, 0, 0, 0
81.29, 3.7, 4.6, 87.72, 3.3, 5.0, 0, 0, 0, 0, 1, 1, 0, 0, 0, 0, 0, 0, 0, 0, 0, 1, 0
88.74, 2.9, 3.6, 84.68, 4.4, 6.0, 0, 1, 0, 0, 0, 1, 0, 1, 0, 0, 0, 0, 0, 0, 0, 0, 0
90.77, 2.1, 3.3, 79.26, 4.4, 7.4, 0, 0, 0, 0, 1, 1, 0, 0, 0, 0, 0, 0, 0, 0, 0, 0, 0
89.75, 2.5, 3.5, 80.28, 4.1, 4.8, 0, 0, 0, 0, 1, 1, 0, 0, 0, 0, 0, 1, 0, 0, 0, 0, 0
89.75, 2.5, 3.8, 88.74, 2.9, 5.5, 0, 0, 0, 0, 0, 0, 0, 0, 0, 0, 0, 1, 0, 1, 0, 1, 0
78.25, 4.8, 5.6, 77.23, 5.2, 7.4, 0, 0, 0, 0, 0, 1, 0, 0, 0, 0, 0, 0, 0, 0, 0, 0, 0
97.2, 1.7, 3.6, 87.72, 3.3, 5.7, 0, 0, 0, 0, 1, 1, 0, 0, 0, 0, 0, 0, 0, 0, 0, 1, 0
99.23, 0.9, 2.2, 84.68, 4.4, 6.4, 0, 0, 0, 1, 1, 1, 0, 0, 0, 0, 0, 0, 0, 0, 0, 0, 0
31.56, 29.0, 35.9, 0, 0, 0, 0, 0, 1, 0, 0, 0, 1, 1, 0, 0, 0, 0, 0, 0, 0, 0, 0
98.21, 1.3, 2.6, 88.74, 2.9, 4.3, 0, 0, 0, 1, 0, 0, 0, 1, 0, 0, 0, 0, 0, 0, 0, 0, 0
99.23, 0.9, 2.3, 77.23, 5.2, 6.2, 0, 0, 0, 1, 0, 1, 0, 0, 0, 0, 0, 0, 0, 0, 0, 0, 0
96.18, 2.1, 3.2, 86.71, 3.7, 4.5, 0, 0, 0, 1, 1, 0, 0, 0, 0, 0, 0, 0, 0, 0, 0, 0, 0
90.77, 2.1, 3.5, 78.25, 4.8, 6.9, 1, 1, 0, 0, 0, 0, 0, 0, 0, 0, 0, 0, 0, 1, 0, 0, 0
86.71, 3.7, 4.6, 79.6, 6.4, 8.8, 0, 0, 0, 0, 0, 1, 0, 0, 0, 0, 0, 1, 0, 0, 0, 0, 0
89.75, 2.5, 3.7, 80.28, 4.1, 5.9, 1, 0, 0, 0, 1, 1, 0, 0, 0, 0, 0, 0, 0, 0, 0, 0, 0
97.2, 1.7, 2.6, 97.2, 1.7, 3.8, 1, 0, 0, 0, 1, 1, 0, 0, 0, 0, 0, 0, 0, 0, 0, 0, 0
99.23, 0.9, 2.4, 79.26, 4.4, 5.7, 0, 0, 0, 0, 0, 0, 0, 0, 0, 1, 0, 1, 0, 0, 0, 1, 0
89.75, 2.5, 3.9, 79.26, 4.4, 7.2, 0, 0, 0, 0, 0, 0, 0, 0, 0, 0, 0, 0, 0, 0, 0, 0, 0
89.75, 2.5, 3.1, 79.26, 4.4, 6.8, 0, 0, 0, 0, 0, 0, 0, 0, 0, 0, 0, 0, 0, 0, 0, 0, 0
98.21, 1.3, 3.2, 0, 0, 0, 1, 1, 0, 0, 0, 1, 0, 0, 0, 0, 0, 0, 0, 0, 0, 0, 0
80.28, 4.1, 4.9, 69.79, 6.0, 6.7, 0, 0, 0, 0, 1, 1, 0, 0, 0, 0, 0, 0, 0, 0, 0, 1, 0
88.74, 2.9, 3.9, 88.74, 2.9, 5.3, 1, 0, 0, 0, 1, 1, 0, 0, 0, 0, 0, 0, 0, 0, 0, 0, 0
99.23, 0.9, 2.4, 86.71, 3.7, 4.6, 0, 0, 0, 0, 0, 0, 0, 0, 0, 0, 0, 1, 0, 0, 0, 1, 0
0, 0, 0, 87.72, 3.3, 5.2, 0, 1, 0, 0, 0, 1, 0, 1, 0, 0, 0, 0, 0, 0, 0, 0, 0
0, 0, 0, 80.28, 4.1, 5.4, 1, 1, 0, 0, 0, 0, 1, 0, 0, 0, 0, 0, 0, 0, 0, 0, 0
98.21, 1.3, 2.7, 85.69, 4.0, 5.4, 0, 0, 0, 0, 0, 1, 0, 0, 0, 0, 0, 0, 1, 0, 0, 0, 0
98.21, 1.3, 2.5, 88.74, 2.9, 4.7, 0, 0, 0, 0, 0, 0, 0, 0, 0, 0, 0, 0, 0, 0, 0, 0, 0
90.77, 2.1, 2.9, 88.74, 2.9, 5.0, 1, 0, 0, 0, 1, 0, 0, 0, 0, 0, 0, 0, 0, 0, 0, 1, 0
98.21, 1.3, 2.5, 85.69, 4.0, 6.6, 1, 0, 0, 0, 1, 0, 0, 0, 0, 0, 0, 0, 0, 0, 0, 0, 0
88.74, 2.9, 4.2, 86.71, 3.7, 5.9, 1, 1, 0, 0, 0, 0, 0, 0, 0, 0, 0, 0, 0, 1, 0, 0, 0
0, 0, 0, 0, 0, 0, 0, 0, 0, 1, 1, 1, 0, 0, 0, 0, 0, 0, 0, 0, 0, 0, 0
95.17, 2.5, 4.3, 85.69, 4.0, 6.4, 0, 0, 0, 0, 0, 1, 0, 0, 0, 0, 0, 0, 0, 0, 0, 0, 0
88.74, 2.9, 3.9, 86.71, 3.7, 5.7, 0, 0, 0, 0, 0, 1, 0, 0, 0, 0, 0, 0, 1, 0, 0, 0, 0
88.74, 2.9, 3.2, 86.71, 3.7, 5.5, 0, 0, 0, 1, 0, 0, 0, 0, 0, 0, 0, 0, 0, 0, 0, 0, 0
88.74, 2.9, 3.1, 77.23, 5.2, 6.3, 0, 0, 0, 0, 0, 1, 0, 0, 0, 0, 0, 0, 0, 0, 0, 0, 0
97.2, 1.7, 4.3, 85.69, 4.0, 6.6, 0, 0, 0, 1, 1, 0, 0, 0, 0, 0, 0, 0, 0, 0, 0, 0, 0
88.74, 2.9, 3.0, 83.66, 4.8, 7.2, 1, 1, 0, 0, 0, 0, 0, 0, 0, 0, 0, 0, 0, 0, 0, 0, 0
90.77, 2.1, 2.6, 89.75, 2.5, 4.8, 1, 0, 0, 0, 1, 1, 0, 0, 0, 0, 0, 0, 0, 0, 0, 0, 0
89.75, 2.5, 3.8, 82.31, 3.3, 5.0, 0, 0, 0, 1, 0, 1, 0, 0, 0, 0, 0, 0, 0, 0, 0, 0, 0
85.69, 4.0, 5.2, 81.63, 5.6, 8.2, 0, 0, 0, 1, 0, 0, 0, 0, 0, 0, 0, 0, 1, 0, 0, 0, 0
88.74, 2.9, 3.6, 86.71, 3.7, 5.5, 0, 0, 0, 0, 0, 0, 0, 0, 0, 0, 0, 0, 0, 0, 0, 1, 0
88.74, 2.9, 4.4, 85.69, 4.0, 5.6, 0, 0, 0, 0, 1, 1, 0, 0, 0, 0, 0, 0, 0, 0, 0, 0, 0
0, 0, 0, 76.22, 5.6, 8.5, 0, 0, 0, 0, 0, 1, 0, 0, 0, 0, 0, 1, 0, 1, 0, 0, 0
98.21, 1.3, 2.6, 0, 0, 0, 0, 0, 0, 1, 0, 0, 0, 0, 0, 0, 0, 1, 0, 0, 0, 0, 0
89.75, 2.5, 3.2, 88.74, 2.9, 5.2, 0, 0, 0, 0, 1, 0, 0, 0, 0, 0, 0, 1, 0, 0, 0, 1, 0
87.72, 3.3, 3.7, 96.18, 2.1, 4.6, 0, 0, 0, 0, 0, 1, 0, 0, 0, 0, 0, 0, 0, 0, 0, 0, 0
96.18, 2.1, 3.5, 86.71, 3.7, 4.1, 0, 0, 0, 0, 0, 1, 0, 0, 0, 0, 0, 0, 0, 0, 0, 1, 0
89.75, 2.5, 2.6, 88.74, 2.9, 4.4, 0, 0, 0, 1, 0, 1, 0, 0, 0, 0, 0, 0, 0, 0, 0, 0, 0
98.21, 1.3, 2.6, 86.71, 3.7, 4.7, 0, 0, 0, 1, 0, 0, 0, 0, 0, 0, 0, 0, 0, 0, 1, 0, 0
97.2, 1.7, 3.2, 95.17, 2.5, 5.0, 0, 0, 0, 0, 0, 0, 0, 0, 0, 0, 0, 0, 0, 0, 0, 0, 0
98.21, 1.3, 2.1, 88.74, 2.9, 3.3, 0, 0, 0, 0, 0, 1, 0, 0, 0, 0, 0, 0, 0, 0, 0, 1, 0
88.74, 2.9, 3.5, 86.71, 3.7, 5.9, 0, 0, 0, 0, 0, 1, 0, 0, 0, 0, 0, 0, 1, 0, 0, 0, 0
0, 0, 0, 0, 0, 0, 0, 0, 0, 1, 0, 0, 1, 1, 0, 0, 0, 0, 0, 0, 0, 0, 0
88.74, 2.9, 3.4, 86.71, 3.7, 6.0, 1, 0, 0, 1, 1, 0, 0, 0, 0, 0, 0, 0, 0, 0, 0, 0, 0
88.74, 2.9, 4.1, 75.2, 6.0, 8.3, 1, 1, 0, 0, 0, 1, 0, 0, 0, 0, 0, 0, 0, 0, 0, 0, 0
89.75, 2.5, 3.2, 87.72, 3.3, 5.5, 0, 0, 0, 0, 0, 1, 0, 0, 0, 0, 0, 0, 0, 0, 0, 0, 0
0, 0, 0, 87.72, 3.3, 5.5, 1, 0, 0, 0, 0, 0, 0, 0, 0, 0, 0, 0, 0, 1, 0, 0, 0
98.21, 1.3, 2.2, 85.69, 4.0, 6.2, 1, 0, 0, 0, 0, 0, 0, 0, 0, 0, 0, 0, 0, 1, 0, 0, 0
87.72, 3.3, 4.5, 86.71, 3.7, 6.4, 1, 0, 0, 0, 1, 1, 0, 0, 0, 0, 0, 0, 0, 0, 0, 0, 0
89.75, 2.5, 4.3, 87.72, 3.3, 5.1, 0, 0, 0, 0, 1, 1, 0, 0, 0, 0, 0, 0, 1, 0, 0, 0, 0
89.75, 2.5, 4.0, 79.26, 4.4, 5.9, 1, 0, 0, 0, 1, 0, 0, 0, 0, 0, 0, 0, 0, 0, 0, 1, 0
87.72, 3.3, 3.7, 75.2, 6.0, 7.5, 0, 0, 0, 0, 0, 1, 0, 1, 0, 0, 0, 0, 1, 0, 0, 0, 0
0, 0, 0, 0, 0, 0, 0, 0, 0, 1, 0, 1, 0, 0, 0, 0, 0, 0, 1, 0, 0, 0, 0
88.74, 2.9, 3.5, 86.71, 3.7, 5.1, 1, 0, 1, 1, 0, 0, 0, 0, 0, 0, 0, 0, 0, 0, 0, 0, 0
98.21, 1.3, 3.2, 85.69, 4.0, 6.7, 0, 0, 0, 0, 0, 0, 0, 0, 0, 0, 0, 1, 0, 0, 0, 1, 0
88.74, 2.9, 3.7, 84.68, 4.4, 6.2, 0, 0, 0, 1, 0, 0, 0, 0, 0, 0, 0, 0, 0, 1, 0, 0, 0
88.74, 2.9, 3.5, 86.71, 3.7, 6.1, 1, 0, 0, 1, 0, 0, 0, 0, 0, 0, 0, 0, 0, 1, 0, 0, 0
87.72, 3.3, 4.7, 88.74, 2.9, 5.2, 0, 0, 0, 1, 0, 0, 0, 0, 0, 0, 0, 0, 0, 0, 0, 0, 1
89.75, 2.5, 2.7, 88.74, 2.9, 4.9, 1, 0, 0, 1, 1, 0, 0, 0, 0, 0, 0, 0, 0, 0, 0, 0, 0
89.75, 2.5, 4.3, 80.28, 4.1, 6.0, 1, 0, 0, 0, 1, 0, 0, 0, 0, 0, 0, 0, 0, 0, 0, 1, 0
97.2, 1.7, 3.0, 75.2, 6.0, 8.3, 0, 0, 0, 0, 0, 1, 0, 0, 0, 0, 0, 0, 0, 0, 0, 0, 0
88.74, 2.9, 4.3, 76.22, 5.6, 7.2, 0, 0, 0, 0, 1, 1, 0, 0, 0, 0, 0, 0, 0, 0, 0, 0, 0
86.71, 3.7, 4.4, 127.99, -1.9, 0.8, 0, 0, 0, 1, 0, 0, 0, 1, 0, 0, 0, 0, 1, 0, 0, 0, 0
89.75, 2.5, 4.0, 78.25, 4.8, 6.5, 1, 1, 0, 0, 0, 0, 1, 0, 0, 0, 0, 0, 0, 0, 0, 0, 0
87.72, 3.3, 5.1, 87.72, 3.3, 4.9, 0, 0, 0, 0, 0, 1, 0, 0, 0, 0, 0, 0, 0, 0, 0, 0, 0
98.21, 1.3, 2.8, 0, 0, 0, 0, 0, 0, 0, 1, 1, 0, 0, 0, 0, 0, 0, 0, 0, 0, 1, 0
90.77, 2.1, 3.6, 79.26, 4.4, 5.7, 0, 0, 0, 0, 0, 0, 0, 0, 0, 1, 0, 0, 0, 1, 0, 0, 0
86.71, 3.7, 4.5, 77.23, 5.2, 6.4, 0, 0, 0, 1, 1, 1, 0, 0, 0, 0, 0, 0, 0, 0, 0, 0, 0
89.75, 2.5, 3.0, 78.25, 4.8, 8.3, 1, 0, 0, 0, 0, 0, 0, 0, 0, 0, 0, 1, 0, 1, 0, 0, 0
94.15, 2.9, 4.4, 84.68, 4.4, 6.0, 0, 0, 0, 0, 0, 1, 0, 0, 0, 0, 0, 0, 0, 0, 0, 0, 0
88.74, 2.9, 2.9, 75.2, 6.0, 7.3, 0, 0, 0, 0, 0, 0, 0, 0, 0, 1, 0, 1, 0, 0, 0, 0, 0
87.72, 3.3, 4.0, 85.69, 4.0, 5.9, 0, 0, 0, 0, 1, 1, 0, 0, 0, 0, 0, 0, 0, 0, 0, 1, 0
89.75, 2.5, 3.8, 77.23, 5.2, 6.5, 1, 0, 0, 0, 0, 0, 0, 0, 0, 0, 0, 0, 0, 0, 1, 0, 0
88.74, 2.9, 4.4, 75.2, 6.0, 8.1, 1, 1, 0, 0, 0, 0, 0, 0, 0, 0, 0, 0, 0, 0, 0, 1, 0
89.75, 2.5, 3.5, 77.23, 5.2, 7.1, 0, 1, 0, 0, 0, 0, 0, 0, 0, 0, 0, 0, 0, 1, 0, 1, 0
97.2, 1.7, 3.2, 85.69, 4.0, 5.9, 0, 0, 0, 0, 0, 1, 0, 0, 0, 0, 0, 0, 0, 0, 0, 0, 0
89.75, 2.5, 3.2, 77.23, 5.2, 6.3, 0, 0, 1, 1, 0, 0, 0, 1, 0, 0, 0, 0, 0, 0, 0, 0, 0
87.72, 3.3, 4.6, 76.22, 5.6, 7.6, 0, 1, 0, 1, 0, 0, 1, 0, 0, 0, 0, 0, 0, 0, 0, 0, 0
88.74, 2.9, 3.6, 86.71, 3.7, 4.3, 0, 0, 0, 0, 0, 1, 0, 0, 0, 0, 0, 1, 0, 1, 0, 0, 0
89.75, 2.5, 3.5, 87.72, 3.3, 5.3, 0, 1, 0, 1, 0, 1, 0, 0, 0, 0, 0, 0, 0, 0, 0, 0, 0
98.21, 1.3, 1.8, 87.72, 3.3, 4.2, 0, 0, 0, 1, 0, 1, 0, 0, 0, 0, 0, 0, 1, 0, 0, 0, 0
87.72, 3.3, 5.5, 77.23, 5.2, 6.8, 0, 0, 0, 1, 0, 0, 0, 0, 0, 0, 0, 0, 1, 0, 0, 0, 0
96.18, 2.1, 3.3, 86.71, 3.7, 4.8, 0, 0, 0, 0, 0, 0, 0, 0, 0, 1, 0, 0, 0, 0, 0, 0, 0
0, 0, 0, 88.74, 2.9, 5.0, 0, 0, 0, 1, 0, 1, 0, 0, 0, 0, 0, 0, 1, 0, 0, 0, 0
87.72, 3.3, 4.1, 78.25, 4.8, 6.3, 0, 0, 0, 1, 0, 0, 0, 0, 0, 0, 1, 0, 0, 0, 0, 0, 0
98.21, 1.3, 2.4, 87.72, 3.3, 4.2, 0, 0, 0, 0, 0, 1, 0, 0, 0, 0, 0, 0, 0, 0, 0, 0, 0
47.46, 20.8, 27.2, 0, 0, 0, 0, 1, 1, 0, 0, 0, 1, 0, 0, 0, 0, 0, 0, 0, 0, 0, 0
98.21, 1.3, 2.6, 86.71, 3.7, 5.3, 0, 0, 0, 0, 0, 1, 0, 0, 0, 0, 0, 1, 0, 0, 0, 1, 0
88.74, 2.9, 3.9, 77.23, 5.2, 7.0, 0, 0, 0, 1, 0, 1, 0, 0, 0, 0, 0, 0, 0, 0, 0, 0, 0
88.74, 2.9, 4.0, 78.25, 4.8, 6.6, 1, 1, 0, 0, 0, 0, 0, 1, 0, 0, 0, 0, 0, 0, 0, 0, 0
88.74, 2.9, 3.4, 78.25, 4.8, 6.2, 0, 0, 0, 0, 0, 1, 0, 0, 0, 0, 0, 0, 0, 0, 0, 0, 0
89.75, 2.5, 3.1, 0, 0, 0, 0, 0, 0, 0, 0, 0, 0, 0, 0, 1, 0, 0, 0, 0, 0, 1, 0
89.75, 2.5, 3.3, 89.75, 2.5, 5.1, 0, 0, 0, 1, 0, 0, 0, 0, 0, 0, 0, 0, 1, 0, 0, 0, 0
87.72, 3.3, 3.6, 0, 0, 0, 0, 0, 0, 1, 0, 1, 1, 0, 0, 0, 0, 0, 0, 0, 0, 0, 0
98.21, 1.3, 3.1, 76.22, 5.6, 7.9, 0, 0, 0, 0, 0, 0, 0, 0, 0, 0, 0, 0, 0, 0, 1, 0, 0
88.74, 2.9, 3.7, 79.26, 4.4, 5.4, 0, 0, 0, 0, 0, 1, 0, 0, 0, 0, 0, 0, 0, 0, 0, 0, 0
89.75, 2.5, 3.8, 77.23, 5.2, 6.3, 1, 0, 0, 1, 0, 0, 0, 1, 0, 0, 0, 0, 0, 0, 0, 0, 0
98.21, 1.3, 2.6, 87.72, 3.3, 4.5, 0, 0, 0, 1, 0, 1, 0, 0, 0, 0, 0, 0, 0, 0, 0, 0, 0
87.72, 3.3, 4.4, 78.25, 4.8, 5.9, 0, 0, 0, 0, 1, 1, 0, 0, 0, 0, 0, 0, 0, 0, 0, 0, 0
87.72, 3.3, 4.7, 30.87, 12.7, 23.4, 0, 0, 0, 1, 0, 1, 0, 0, 0, 0, 0, 0, 1, 0, 0, 0, 0
0, 0, 0, 0, 0, 0, 0, 1, 0, 0, 0, 1, 1, 0, 0, 0, 0, 0, 0, 0, 0, 0, 0
87.72, 3.3, 5.0, 76.22, 5.6, 7.2, 0, 0, 0, 1, 0, 0, 0, 0, 0, 0, 0, 0, 0, 0, 0, 0, 0
85.69, 4.0, 5.8, 91.11, 4.0, 7.9, 0, 0, 0, 0, 0, 1, 1, 0, 0, 0, 0, 0, 0, 0, 0, 0, 0
90.77, 2.1, 2.2, 87.72, 3.3, 5.8, 1, 0, 0, 0, 0, 0, 0, 0, 0, 0, 0, 0, 0, 1, 0, 1, 0
99.23, 0.9, 1.8, 98.21, 1.3, 3.0, 0, 0, 0, 1, 0, 0, 0, 0, 0, 0, 0, 0, 0, 0, 0, 0, 0
98.21, 1.3, 2.4, 86.71, 3.7, 5.2, 0, 0, 0, 0, 1, 1, 0, 0, 0, 0, 0, 0, 1, 0, 0, 0, 0
99.23, 0.9, 2.0, 88.74, 2.9, 4.1, 1, 0, 0, 0, 1, 1, 0, 0, 0, 0, 0, 0, 0, 0, 0, 0, 0
0, 0, 0, 80.62, 6.0, 7.7, 0, 0, 0, 0, 0, 0, 0, 0, 0, 0, 0, 0, 0, 0, 0, 0, 0
87.72, 3.3, 3.5, 80.28, 4.1, 5.4, 1, 0, 0, 0, 1, 1, 0, 0, 0, 0, 0, 0, 0, 0, 0, 0, 0
86.71, 3.7, 4.8, 0, 0, 0, 0, 0, 1, 0, 0, 0, 1, 1, 0, 0, 0, 0, 0, 0, 0, 0, 0
86.71, 3.7, 4.8, 0, 0, 0, 0, 0, 1, 0, 0, 0, 1, 1, 0, 0, 0, 0, 0, 0, 0, 0, 0
97.2, 1.7, 3.6, 85.69, 4.0, 6.0, 0, 0, 0, 0, 0, 0, 0, 0, 0, 0, 0, 0, 0, 0, 0, 0, 0
99.23, 0.9, 2.0, 86.71, 3.7, 5.0, 0, 0, 0, 0, 0, 0, 0, 0, 0, 0, 0, 0, 0, 0, 0, 0, 0
88.74, 2.9, 3.7, 79.26, 4.4, 5.9, 0, 0, 0, 0, 0, 1, 0, 0, 0, 0, 1, 0, 1, 0, 0, 0, 0
89.75, 2.5, 2.9, 87.72, 3.3, 4.9, 0, 0, 0, 0, 0, 1, 0, 1, 0, 0, 0, 1, 0, 0, 0, 0, 0
89.75, 2.5, 3.5, 86.71, 3.7, 6.0, 1, 0, 0, 0, 1, 0, 0, 0, 0, 0, 0, 0, 0, 0, 0, 1, 0
88.74, 2.9, 4.3, 77.23, 5.2, 6.6, 0, 0, 0, 1, 0, 0, 0, 0, 0, 0, 0, 0, 1, 0, 0, 0, 0
0, 0, 0, 0, 0, 0, 0, 0, 0, 0, 0, 0, 0, 0, 0, 0, 0, 1, 0, 0, 0, 1, 0
89.75, 2.5, 3.4, 89.75, 2.5, 4.6, 0, 0, 0, 1, 0, 0, 0, 0, 0, 0, 0, 0, 1, 0, 0, 0, 0
88.74, 2.9, 4.1, 88.74, 2.9, 4.4, 0, 0, 0, 1, 0, 1, 0, 0, 0, 0, 0, 0, 1, 0, 0, 0, 0
98.21, 1.3, 3.0, 87.72, 3.3, 5.0, 0, 0, 0, 1, 1, 1, 0, 0, 0, 0, 0, 0, 0, 0, 0, 0, 0
88.74, 2.9, 4.4, 76.22, 5.6, 6.8, 0, 1, 0, 1, 1, 0, 0, 0, 0, 0, 0, 0, 0, 0, 0, 0, 0
89.75, 2.5, 4.3, 79.26, 4.4, 6.2, 1, 1, 0, 0, 0, 0, 0, 0, 0, 0, 0, 1, 0, 0, 0, 0, 0
96.18, 2.1, 2.8, 79.26, 4.4, 5.8, 0, 0, 0, 1, 1, 1, 0, 0, 0, 0, 0, 0, 0, 0, 0, 0, 0
89.75, 2.5, 3.0, 87.72, 3.3, 4.8, 0, 0, 0, 0, 0, 1, 0, 0, 0, 0, 0, 0, 0, 0, 0, 1, 0
89.75, 2.5, 3.8, 85.69, 4.0, 7.3, 0, 0, 0, 0, 1, 0, 0, 0, 0, 0, 0, 0, 0, 0, 0, 1, 0
89.75, 2.5, 3.6, 79.26, 4.4, 5.7, 0, 0, 0, 0, 1, 0, 0, 0, 0, 0, 0, 0, 0, 0, 0, 1, 0
97.2, 1.7, 3.1, 0, 0, 0, 0, 0, 0, 1, 0, 0, 0, 0, 0, 0, 0, 0, 0, 0, 0, 0, 0
0, 0, 0, 0, 0, 0, 1, 0, 0, 0, 0, 0, 0, 0, 0, 0, 0, 0, 0, 1, 0, 0, 0
97.2, 1.7, 4.2, 85.69, 4.0, 6.8, 0, 0, 0, 0, 0, 1, 0, 0, 0, 0, 0, 0, 0, 0, 0, 0, 0
98.21, 1.3, 2.7, 87.72, 3.3, 4.3, 0, 0, 0, 0, 1, 1, 0, 0, 0, 0, 0, 0, 0, 0, 0, 0, 0
98.21, 1.3, 2.2, 88.74, 2.9, 4.7, 0, 0, 0, 0, 0, 1, 0, 0, 0, 0, 0, 0, 0, 0, 0, 0, 0
89.75, 2.5, 3.6, 85.69, 4.0, 7.7, 0, 0, 0, 0, 0, 0, 0, 1, 0, 1, 0, 0, 0, 0, 0, 0, 0
89.75, 2.5, 3.9, 88.74, 2.9, 5.4, 0, 0, 0, 0, 0, 0, 0, 0, 0, 1, 0, 1, 0, 0, 0, 1, 0
89.75, 2.5, 3.0, 80.28, 4.1, 5.1, 0, 0, 0, 0, 0, 1, 0, 0, 0, 0, 0, 0, 0, 0, 0, 0, 0
97.2, 1.7, 2.6, 85.69, 4.0, 4.9, 0, 0, 0, 0, 1, 1, 0, 0, 0, 0, 0, 0, 1, 0, 0, 0, 0
89.75, 2.5, 3.1, 88.74, 2.9, 5.0, 1, 0, 0, 1, 0, 1, 0, 0, 0, 0, 0, 0, 0, 0, 0, 0, 0
87.72, 3.3, 5.0, 77.23, 5.2, 7.8, 1, 0, 0, 0, 0, 0, 0, 0, 0, 1, 0, 1, 0, 0, 0, 0, 0
97.2, 1.7, 3.2, 84.68, 4.4, 6.1, 0, 0, 0, 0, 1, 1, 0, 0, 0, 0, 0, 0, 0, 0, 0, 1, 0
90.77, 2.1, 2.6, 87.72, 3.3, 4.9, 0, 0, 0, 1, 0, 1, 0, 0, 0, 0, 0, 0, 0, 0, 0, 0, 0
87.72, 3.3, 4.7, 84.68, 4.4, 7.2, 0, 1, 1, 1, 0, 0, 0, 0, 0, 0, 0, 0, 0, 0, 0, 0, 0
98.21, 1.3, 2.4, 78.25, 4.8, 5.8, 0, 0, 0, 0, 0, 1, 0, 0, 0, 0, 0, 0, 0, 0, 0, 0, 0
0, 0, 0, 0, 0, 0, 0, 0, 0, 0, 0, 1, 0, 0, 0, 0, 0, 0, 0, 0, 0, 0, 0
88.74, 2.9, 4.3, 78.25, 4.8, 7.2, 1, 0, 0, 0, 0, 1, 0, 0, 0, 0, 0, 0, 0, 0, 0, 0, 0
89.75, 2.5, 3.5, 88.74, 2.9, 4.2, 0, 1, 0, 1, 0, 0, 0, 0, 0, 0, 0, 0, 0, 1, 0, 0, 0
88.74, 2.9, 3.4, 75.2, 6.0, 7.1, 1, 0, 0, 0, 0, 1, 0, 0, 0, 0, 0, 0, 0, 0, 0, 0, 0
98.21, 1.3, 3.5, 88.74, 2.9, 4.5, 0, 0, 0, 0, 0, 1, 0, 0, 0, 1, 0, 0, 0, 0, 0, 1, 0
89.75, 2.5, 2.9, 88.74, 2.9, 5.2, 0, 0, 0, 1, 0, 1, 0, 1, 0, 0, 0, 0, 0, 0, 0, 0, 0
89.75, 2.5, 3.5, 85.69, 4.0, 5.7, 1, 0, 0, 0, 0, 1, 0, 1, 0, 0, 0, 0, 0, 0, 0, 0, 0
87.72, 3.3, 4.5, 84.68, 4.4, 6.2, 0, 0, 0, 0, 0, 0, 0, 0, 0, 0, 0, 0, 0, 0, 0, 0, 0
97.2, 1.7, 2.8, 89.75, 2.5, 4.4, 0, 0, 0, 0, 0, 1, 0, 0, 0, 0, 0, 0, 1, 0, 0, 0, 0
98.21, 1.3, 2.8, 87.72, 3.3, 4.7, 0, 0, 0, 0, 0, 0, 0, 1, 0, 1, 0, 0, 0, 0, 0, 0, 0
98.21, 1.3, 3.0, 87.72, 3.3, 5.5, 0, 0, 0, 0, 0, 0, 0, 1, 0, 1, 0, 0, 0, 0, 0, 0, 0
88.74, 2.9, 3.9, 85.69, 4.0, 5.8, 0, 0, 0, 0, 0, 1, 0, 0, 0, 0, 0, 0, 1, 0, 0, 0, 0
88.74, 2.9, 4.7, 78.25, 4.8, 7.3, 0, 0, 0, 0, 0, 1, 0, 0, 0, 0, 0, 0, 0, 0, 0, 0, 0
99.23, 0.9, 1.2, 80.28, 4.1, 4.5, 0, 0, 0, 0, 1, 0, 0, 0, 0, 0, 0, 0, 0, 0, 0, 1, 0
89.75, 2.5, 3.6, 88.74, 2.9, 3.8, 0, 0, 0, 0, 0, 1, 0, 0, 0, 0, 0, 0, 0, 0, 0, 1, 0
89.75, 2.5, 3.7, 86.71, 3.7, 6.2, 0, 0, 0, 0, 0, 1, 0, 0, 0, 0, 0, 0, 0, 0, 0, 0, 1
98.21, 1.3, 2.1, 76.22, 5.6, 6.3, 0, 0, 0, 0, 0, 1, 0, 0, 0, 0, 0, 0, 1, 0, 0, 0, 0
98.21, 1.3, 3.0, 87.72, 3.3, 4.7, 1, 0, 0, 1, 1, 0, 0, 0, 0, 0, 0, 0, 0, 0, 0, 0, 0
88.74, 2.9, 3.5, 86.71, 3.7, 6.3, 0, 1, 0, 0, 0, 0, 0, 1, 0, 1, 0, 0, 0, 0, 0, 0, 0
89.75, 2.5, 3.5, 0, 0, 0, 1, 1, 0, 0, 0, 0, 0, 1, 0, 0, 0, 0, 0, 0, 0, 0, 0
89.75, 2.5, 3.7, 80.28, 4.1, 6.2, 0, 0, 0, 0, 0, 0, 0, 0, 0, 1, 0, 0, 0, 1, 0, 0, 0
81.29, 3.7, 4.5, 77.23, 5.2, 6.6, 1, 0, 0, 0, 0, 1, 0, 0, 0, 0, 0, 0, 0, 1, 0, 0, 0
0, 0, 0, 87.72, 3.3, 4.8, 0, 0, 0, 1, 0, 0, 0, 0, 0, 0, 0, 0, 1, 0, 0, 0, 0
97.2, 1.7, 3.9, 85.69, 4.0, 6.4, 0, 0, 0, 0, 0, 1, 0, 0, 0, 0, 0, 0, 0, 0, 0, 0, 1
89.75, 2.5, 3.9, 86.71, 3.7, 5.2, 0, 0, 0, 1, 0, 1, 0, 1, 0, 0, 0, 0, 0, 0, 0, 0, 0
89.75, 2.5, 3.1, 87.72, 3.3, 5.3, 1, 0, 0, 0, 1, 0, 0, 0, 0, 0, 0, 0, 0, 0, 0, 1, 0
87.72, 3.3, 4.0, 0, 0, 0, 1, 1, 1, 0, 0, 0, 0, 0, 0, 0, 0, 0, 0, 0, 0, 0, 0
89.75, 2.5, 2.5, 88.74, 2.9, 4.8, 1, 1, 0, 0, 0, 1, 0, 0, 0, 0, 0, 0, 0, 0, 0, 0, 0
88.74, 2.9, 3.4, 87.72, 3.3, 4.5, 0, 0, 0, 0, 0, 1, 0, 0, 0, 0, 0, 0, 0, 0, 0, 0, 0
97.2, 1.7, 2.7, 87.72, 3.3, 5.6, 0, 0, 0, 0, 0, 1, 0, 0, 0, 0, 0, 0, 0, 0, 0, 0, 0
90.77, 2.1, 4.4, 74.19, 6.4, 10.7, 1, 0, 0, 0, 0, 0, 0, 0, 0, 1, 0, 0, 0, 1, 0, 0, 0
98.21, 1.3, 2.6, 88.74, 2.9, 4.6, 0, 0, 0, 1, 0, 0, 0, 0, 0, 0, 0, 0, 1, 0, 0, 0, 0
98.21, 1.3, 2.0, 0, 0, 0, 0, 0, 0, 0, 0, 0, 0, 0, 0, 0, 0, 0, 0, 0, 0, 0, 0
87.72, 3.3, 4.3, 79.26, 4.4, 5.5, 0, 0, 0, 0, 0, 1, 0, 0, 0, 0, 0, 0, 1, 0, 0, 0, 0
88.74, 2.9, 4.7, 85.69, 4.0, 6.6, 1, 0, 0, 0, 0, 0, 0, 1, 0, 1, 0, 0, 0, 0, 0, 0, 0
88.74, 2.9, 5.9, 84.68, 4.4, 8.6, 0, 1, 0, 1, 0, 0, 1, 0, 0, 0, 0, 0, 0, 0, 0, 0, 0
79.26, 4.4, 5.2, 76.22, 5.6, 6.9, 0, 1, 0, 1, 1, 0, 0, 0, 0, 0, 0, 0, 0, 0, 0, 0, 0
89.75, 2.5, 3.8, 80.28, 4.1, 5.3, 0, 0, 0, 0, 0, 0, 0, 0, 0, 0, 0, 0, 0, 0, 0, 0, 0
89.75, 2.5, 3.3, 86.71, 3.7, 5.7, 1, 0, 0, 0, 0, 1, 0, 0, 0, 0, 0, 0, 0, 0, 0, 0, 0
89.75, 2.5, 3.6, 79.26, 4.4, 6.3, 0, 0, 0, 0, 0, 0, 0, 0, 0, 1, 0, 1, 0, 0, 0, 0, 0
82.31, 3.3, 4.1, 80.28, 4.1, 6.3, 0, 1, 0, 0, 0, 0, 0, 0, 0, 0, 0, 1, 0, 1, 0, 0, 0
89.75, 2.5, 2.9, 77.23, 5.2, 6.8, 1, 0, 0, 0, 0, 0, 0, 1, 0, 1, 0, 0, 0, 0, 0, 0, 0
89.75, 2.5, 3.4, 79.26, 4.4, 5.7, 0, 0, 0, 1, 0, 1, 0, 0, 0, 0, 0, 0, 1, 0, 0, 0, 0
88.74, 2.9, 3.6, 83.66, 4.8, 6.4, 0, 0, 0, 0, 0, 0, 0, 0, 0, 1, 0, 1, 0, 0, 0, 1, 0
89.75, 2.5, 4.0, 80.28, 4.1, 5.7, 0, 0, 0, 0, 1, 1, 0, 0, 0, 0, 0, 0, 0, 0, 0, 0, 0
97.2, 1.7, 3.2, 86.71, 3.7, 5.3, 0, 0, 0, 0, 1, 1, 0, 0, 0, 0, 0, 0, 0, 0, 0, 0, 0
96.18, 2.1, 3.1, 86.71, 3.7, 6.1, 0, 0, 0, 1, 0, 1, 0, 0, 0, 0, 0, 0, 1, 0, 0, 0, 0
89.75, 2.5, 3.3, 76.22, 5.6, 7.7, 0, 0, 0, 0, 0, 1, 0, 0, 0, 0, 1, 0, 0, 0, 0, 0, 0
89.75, 2.5, 4.1, 77.23, 5.2, 7.1, 0, 1, 0, 0, 0, 1, 0, 0, 0, 0, 0, 0, 0, 0, 1, 0, 0
89.75, 2.5, 3.2, 78.25, 4.8, 6.4, 0, 0, 0, 0, 0, 1, 0, 1, 0, 1, 0, 0, 0, 0, 0, 0, 0
88.74, 2.9, 4.7, 80.28, 4.1, 6.1, 0, 0, 0, 0, 0, 1, 0, 0, 0, 0, 0, 0, 0, 0, 0, 0, 0
88.74, 2.9, 3.6, 77.23, 5.2, 7.1, 0, 0, 0, 0, 0, 1, 0, 0, 0, 0, 0, 0, 1, 0, 0, 0, 0
98.21, 1.3, 2.5, 87.72, 3.3, 4.9, 0, 0, 0, 0, 0, 1, 0, 0, 0, 0, 0, 0, 0, 0, 0, 0, 0
88.74, 2.9, 3.5, 84.68, 4.4, 5.8, 0, 0, 0, 1, 1, 1, 0, 0, 0, 0, 0, 0, 0, 0, 0, 0, 0
96.18, 2.1, 3.5, 84.68, 4.4, 5.1, 0, 0, 0, 0, 0, 1, 0, 0, 0, 0, 0, 0, 0, 0, 0, 0, 0
82.31, 3.3, 4.6, 78.25, 4.8, 6.5, 0, 0, 0, 0, 0, 0, 0, 0, 0, 0, 0, 0, 0, 0, 0, 0, 0
89.75, 2.5, 2.6, 88.74, 2.9, 4.3, 0, 0, 0, 0, 0, 1, 0, 0, 0, 0, 0, 0, 1, 0, 0, 0, 0
88.74, 2.9, 3.7, 86.71, 3.7, 5.4, 0, 0, 0, 1, 0, 0, 0, 0, 0, 0, 0, 0, 1, 1, 0, 0, 0
87.72, 3.3, 4.4, 85.69, 4.0, 6.0, 0, 0, 0, 0, 0, 0, 0, 0, 0, 0, 0, 1, 0, 0, 0, 1, 0
89.75, 2.5, 2.9, 87.72, 3.3, 4.6, 0, 0, 0, 0, 0, 1, 0, 0, 0, 0, 0, 0, 0, 0, 0, 0, 0
88.74, 2.9, 4.5, 0, 0, 0, 1, 0, 0, 0, 0, 0, 0, 0, 0, 0, 0, 0, 0, 1, 0, 1, 0
89.75, 2.5, 3.5, 80.28, 4.1, 5.4, 0, 0, 0, 0, 0, 0, 0, 1, 0, 1, 0, 1, 0, 0, 0, 0, 0
89.75, 2.5, 3.6, 87.72, 3.3, 5.9, 1, 0, 0, 0, 1, 1, 0, 0, 0, 0, 0, 0, 0, 0, 0, 0, 0
89.75, 2.5, 3.7, 79.26, 4.4, 5.6, 0, 0, 0, 0, 0, 0, 0, 0, 0, 1, 0, 1, 0, 1, 0, 0, 0
89.75, 2.5, 3.3, 88.74, 2.9, 4.6, 0, 0, 0, 0, 0, 1, 0, 0, 0, 0, 0, 0, 1, 0, 0, 0, 0
88.74, 2.9, 3.3, 87.72, 3.3, 4.9, 0, 0, 0, 1, 0, 0, 0, 0, 0, 0, 0, 0, 0, 0, 0, 0, 0
98.21, 1.3, 2.3, 0, 0, 0, 0, 0, 0, 1, 1, 0, 0, 0, 0, 0, 0, 0, 0, 1, 0, 0, 0
0, 0, 0, 0, 0, 0, 0, 1, 1, 0, 1, 0, 0, 0, 0, 0, 0, 0, 0, 0, 0, 0, 0
96.18, 2.1, 3.2, 96.18, 2.1, 3.1, 0, 0, 0, 0, 1, 1, 0, 0, 0, 0, 0, 0, 0, 0, 0, 1, 0
90.77, 2.1, 3.4, 88.74, 2.9, 5.8, 1, 0, 0, 0, 0, 0, 0, 0, 0, 1, 0, 0, 0, 1, 0, 0, 0
82.31, 3.3, 2.5, 0, 0, 0, 0, 0, 0, 0, 0, 0, 0, 0, 0, 0, 0, 0, 0, 0, 0, 0, 0
98.21, 1.3, 2.3, 89.75, 2.5, 5.3, 0, 1, 0, 0, 0, 1, 0, 0, 0, 0, 0, 0, 0, 0, 0, 1, 0
97.2, 1.7, 2.7, 88.74, 2.9, 4.3, 0, 0, 0, 0, 0, 1, 0, 0, 0, 0, 0, 0, 1, 0, 0, 0, 0
88.74, 2.9, 4.3, 77.23, 5.2, 6.6, 0, 0, 0, 0, 0, 0, 0, 0, 0, 1, 0, 1, 0, 0, 0, 0, 0
99.23, 0.9, 3.4, 85.69, 4.0, 6.4, 0, 1, 1, 0, 0, 0, 1, 0, 0, 0, 0, 0, 0, 0, 0, 0, 0
89.75, 2.5, 4.2, 87.72, 3.3, 5.7, 1, 0, 0, 0, 0, 1, 0, 0, 0, 0, 0, 0, 0, 1, 0, 0, 0
86.71, 3.7, 4.1, 77.23, 5.2, 6.6, 0, 0, 0, 0, 0, 1, 0, 0, 0, 0, 0, 0, 0, 0, 0, 0, 0
95.17, 2.5, 3.1, 94.15, 2.9, 4.7, 0, 1, 0, 0, 0, 1, 0, 0, 0, 0, 0, 0, 0, 0, 0, 0, 0
89.75, 2.5, 4.2, 81.29, 3.7, 5.6, 1, 1, 0, 0, 0, 1, 0, 0, 0, 0, 0, 0, 0, 0, 0, 0, 0
89.75, 2.5, 4.4, 80.28, 4.1, 6.6, 1, 1, 0, 0, 0, 0, 0, 0, 0, 0, 0, 0, 0, 0, 0, 1, 0
96.18, 2.1, 3.4, 86.71, 3.7, 5.3, 1, 0, 0, 0, 1, 0, 0, 0, 0, 0, 0, 0, 0, 0, 0, 1, 0
87.72, 3.3, 4.8, 79.26, 4.4, 5.9, 0, 0, 0, 0, 0, 1, 0, 0, 0, 0, 0, 0, 0, 0, 0, 0, 0
96.18, 2.1, 3.3, 87.72, 3.3, 5.1, 0, 0, 0, 1, 0, 0, 0, 0, 0, 0, 1, 0, 0, 0, 0, 0, 0
96.18, 2.1, 3.4, 79.26, 4.4, 6.4, 0, 0, 0, 0, 0, 1, 0, 0, 0, 0, 0, 0, 0, 0, 0, 0, 0
87.72, 3.3, 3.6, 77.57, 7.2, 9.4, 1, 1, 0, 0, 1, 0, 0, 0, 0, 0, 0, 0, 0, 0, 0, 0, 0
90.77, 2.1, 2.9, 89.75, 2.5, 4.2, 0, 0, 0, 0, 0, 1, 0, 0, 0, 1, 0, 0, 0, 0, 0, 1, 0
97.2, 1.7, 2.7, 88.74, 2.9, 4.2, 1, 1, 0, 0, 0, 1, 0, 0, 0, 0, 0, 0, 0, 0, 0, 0, 0
88.74, 2.9, 4.3, 85.69, 4.0, 6.5, 0, 0, 0, 0, 0, 0, 0, 0, 0, 1, 0, 0, 0, 0, 0, 0, 0
89.75, 2.5, 3.5, 87.72, 3.3, 4.6, 0, 0, 0, 1, 0, 0, 0, 0, 0, 0, 0, 0, 1, 0, 0, 0, 0
89.75, 2.5, 3.4, 80.28, 4.1, 7.0, 1, 0, 0, 0, 0, 1, 0, 0, 0, 0, 0, 0, 0, 0, 0, 0, 0
80.28, 4.1, 5.4, 77.23, 5.2, 7.0, 1, 0, 0, 1, 1, 0, 0, 0, 0, 0, 0, 0, 0, 0, 0, 0, 0
98.21, 1.3, 2.3, 85.69, 4.0, 5.2, 1, 0, 0, 1, 1, 0, 0, 0, 0, 0, 0, 0, 0, 0, 0, 0, 0
98.21, 1.3, 2.2, 86.71, 3.7, 5.0, 0, 0, 0, 0, 0, 1, 0, 0, 0, 0, 0, 0, 1, 0, 0, 0, 0
89.75, 2.5, 2.8, 84.68, 4.4, 6.6, 0, 0, 0, 0, 0, 0, 0, 0, 0, 0, 0, 1, 0, 1, 0, 1, 0
89.75, 2.5, 4.1, 80.28, 4.1, 6.6, 1, 1, 0, 0, 0, 0, 0, 0, 0, 0, 0, 0, 1, 0, 0, 0, 0
98.21, 1.3, 2.8, 80.28, 4.1, 4.8, 0, 0, 0, 0, 1, 1, 0, 0, 0, 0, 0, 1, 0, 0, 0, 0, 0
98.21, 1.3, 3.1, 89.75, 2.5, 5.1, 0, 0, 0, 0, 0, 0, 0, 0, 0, 0, 0, 0, 0, 0, 0, 0, 0
98.21, 1.3, 2.3, 88.74, 2.9, 5.3, 0, 0, 0, 0, 0, 1, 0, 0, 0, 0, 0, 0, 1, 0, 0, 0, 0
86.71, 3.7, 4.4, 84.68, 4.4, 6.7, 0, 0, 0, 1, 0, 1, 0, 0, 0, 0, 0, 0, 0, 0, 0, 0, 0
87.72, 3.3, 4.2, 80.28, 4.1, 5.6, 1, 0, 0, 0, 0, 1, 0, 0, 0, 0, 0, 0, 0, 0, 0, 0, 1
87.72, 3.3, 4.6, 0, 0, 0, 0, 0, 0, 0, 0, 0, 0, 0, 0, 1, 0, 1, 0, 0, 0, 0, 0
87.72, 3.3, 4.7, 85.69, 4.0, 6.8, 0, 0, 0, 0, 1, 1, 0, 0, 0, 0, 0, 0, 0, 0, 0, 0, 0
0, 0, 0, 0, 0, 0, 0, 0, 0, 1, 0, 0, 0, 0, 0, 0, 0, 0, 0, 0, 0, 0, 0
89.75, 2.5, 3.4, 76.22, 5.6, 7.6, 0, 0, 0, 0, 0, 1, 0, 0, 0, 0, 0, 0, 0, 0, 0, 0, 0
89.75, 2.5, 3.5, 89.75, 2.5, 5.5, 1, 0, 0, 1, 0, 0, 0, 1, 0, 0, 0, 0, 0, 0, 0, 0, 0
90.77, 2.1, 3.0, 88.74, 2.9, 5.2, 0, 0, 0, 0, 0, 0, 0, 0, 0, 1, 0, 1, 0, 0, 0, 0, 0
90.77, 2.1, 2.9, 88.74, 2.9, 4.4, 0, 0, 0, 0, 0, 0, 0, 0, 0, 1, 0, 1, 0, 0, 0, 0, 0
88.74, 2.9, 3.5, 79.26, 4.4, 5.8, 0, 0, 0, 0, 0, 0, 0, 0, 0, 1, 0, 1, 0, 0, 0, 0, 0
89.75, 2.5, 3.3, 87.72, 3.3, 5.4, 0, 0, 0, 0, 1, 1, 0, 0, 0, 0, 0, 1, 0, 0, 0, 0, 0
89.75, 2.5, 4.5, 84.68, 4.4, 6.3, 0, 1, 0, 0, 0, 1, 0, 0, 0, 0, 0, 0, 0, 0, 0, 0, 0
89.75, 2.5, 3.3, 88.74, 2.9, 4.2, 0, 0, 0, 1, 0, 0, 0, 0, 0, 0, 0, 0, 0, 0, 0, 0, 0
87.72, 3.3, 4.1, 79.26, 4.4, 5.9, 0, 0, 0, 0, 0, 1, 0, 0, 0, 0, 0, 0, 1, 0, 0, 0, 0
87.72, 3.3, 4.0, 85.69, 4.0, 6.1, 1, 1, 0, 0, 0, 0, 0, 0, 0, 0, 0, 0, 0, 1, 0, 0, 0
89.75, 2.5, 5.2, 0, 0, 0, 0, 0, 0, 1, 1, 0, 0, 0, 0, 0, 0, 0, 0, 0, 0, 1, 0
88.74, 2.9, 2.8, 87.72, 3.3, 4.2, 0, 0, 0, 1, 0, 1, 0, 0, 0, 0, 0, 0, 0, 0, 0, 0, 0
97.2, 1.7, 2.7, 0, 0, 0, 0, 0, 0, 0, 0, 1, 0, 1, 0, 0, 0, 0, 0, 0, 0, 0, 0
88.74, 2.9, 2.9, 88.74, 2.9, 5.0, 0, 0, 0, 1, 0, 1, 0, 0, 0, 0, 0, 0, 1, 0, 0, 0, 0
88.74, 2.9, 3.0, 88.74, 2.9, 4.5, 0, 0, 0, 0, 0, 1, 0, 0, 0, 0, 0, 0, 0, 0, 0, 0, 0
90.77, 2.1, 2.9, 89.75, 2.5, 4.3, 0, 0, 0, 1, 0, 1, 0, 0, 0, 0, 0, 0, 0, 0, 0, 0, 0
88.74, 2.9, 3.3, 86.71, 3.7, 5.3, 0, 0, 0, 1, 0, 1, 0, 0, 0, 0, 0, 0, 1, 0, 0, 0, 0
89.75, 2.5, 2.9, 86.71, 3.7, 5.3, 0, 0, 0, 0, 1, 0, 0, 0, 0, 0, 0, 0, 0, 0, 0, 1, 0
99.23, 0.9, 2.4, 76.22, 5.6, 8.1, 0, 0, 0, 0, 0, 1, 0, 0, 0, 0, 0, 0, 0, 0, 0, 0, 0
98.21, 1.3, 3.3, 87.72, 3.3, 4.8, 0, 0, 0, 1, 0, 1, 0, 0, 0, 0, 0, 0, 0, 0, 0, 0, 0
88.74, 2.9, 3.1, 0, 0, 0, 0, 0, 0, 0, 1, 1, 0, 0, 0, 0, 0, 0, 0, 0, 0, 0, 0
98.21, 1.3, 2.5, 87.72, 3.3, 4.3, 0, 0, 0, 1, 0, 0, 0, 0, 0, 0, 0, 0, 1, 0, 0, 0, 0
88.74, 2.9, 4.8, 85.69, 4.0, 6.6, 1, 1, 0, 0, 1, 0, 0, 0, 0, 0, 0, 0, 0, 0, 0, 0, 0
98.21, 1.3, 3.0, 87.72, 3.3, 5.0, 0, 0, 0, 0, 0, 0, 0, 0, 0, 0, 0, 0, 0, 0, 0, 1, 0
97.2, 1.7, 2.9, 89.75, 2.5, 4.6, 0, 0, 0, 0, 0, 1, 0, 0, 0, 1, 0, 0, 0, 0, 0, 0, 0
90.77, 2.1, 2.7, 89.75, 2.5, 4.4, 0, 0, 0, 0, 0, 1, 0, 0, 0, 0, 0, 0, 0, 0, 0, 0, 0
87.72, 3.3, 3.9, 84.68, 4.4, 6.5, 0, 0, 0, 0, 0, 0, 0, 0, 0, 1, 0, 0, 0, 1, 0, 0, 0
98.21, 1.3, 2.9, 0, 0, 0, 0, 1, 1, 1, 0, 0, 0, 0, 0, 0, 0, 0, 0, 0, 0, 0, 0
97.2, 1.7, 3.7, 88.74, 2.9, 5.1, 0, 1, 1, 1, 0, 0, 0, 0, 0, 0, 0, 0, 0, 0, 0, 0, 0
89.75, 2.5, 2.9, 85.69, 4.0, 6.0, 0, 1, 0, 1, 0, 1, 0, 0, 0, 0, 0, 0, 0, 0, 0, 0, 0
88.74, 2.9, 4.1, 78.25, 4.8, 6.3, 1, 0, 0, 0, 0, 0, 0, 0, 0, 0, 0, 0, 0, 0, 0, 1, 0
89.75, 2.5, 3.2, 88.74, 2.9, 4.3, 0, 0, 0, 0, 0, 1, 0, 0, 0, 0, 0, 0, 0, 1, 0, 1, 0
88.74, 2.9, 4.0, 78.25, 4.8, 6.6, 0, 0, 0, 0, 0, 0, 0, 0, 0, 0, 0, 0, 0, 0, 0, 0, 0
97.2, 1.7, 2.7, 87.72, 3.3, 4.8, 0, 0, 0, 0, 0, 0, 0, 0, 0, 1, 0, 0, 0, 0, 0, 0, 0
98.21, 1.3, 2.3, 88.74, 2.9, 4.0, 0, 0, 0, 1, 0, 1, 0, 0, 0, 0, 0, 0, 1, 0, 0, 0, 0
80.28, 4.1, 4.9, 69.79, 6.0, 7.2, 0, 0, 0, 0, 0, 1, 0, 0, 0, 0, 0, 0, 0, 0, 0, 0, 0
98.21, 1.3, 2.4, 0, 0, 0, 0, 0, 0, 0, 0, 1, 0, 0, 0, 0, 0, 0, 0, 0, 0, 1, 0
99.23, 0.9, 2.6, 79.26, 4.4, 5.7, 0, 0, 0, 1, 1, 0, 0, 0, 0, 0, 0, 0, 0, 0, 0, 0, 0
88.74, 2.9, 3.2, 0, 0, 0, 0, 0, 0, 1, 0, 1, 0, 0, 0, 0, 0, 1, 0, 0, 0, 0, 0
89.75, 2.5, 2.9, 88.74, 2.9, 4.3, 0, 0, 0, 0, 0, 1, 0, 0, 0, 0, 0, 1, 0, 0, 0, 1, 0
0, 0, 0, 87.72, 3.3, 4.2, 0, 0, 0, 1, 0, 1, 0, 0, 0, 0, 0, 0, 1, 0, 0, 0, 0
89.75, 2.5, 3.3, 80.28, 4.1, 5.8, 0, 0, 0, 0, 0, 1, 0, 0, 0, 1, 0, 1, 0, 0, 0, 0, 0
97.2, 1.7, 2.0, 95.17, 2.5, 4.4, 0, 0, 0, 0, 0, 1, 0, 0, 0, 0, 0, 0, 0, 0, 0, 0, 0
98.21, 1.3, 3.0, 86.71, 3.7, 5.4, 0, 0, 0, 1, 0, 0, 0, 0, 0, 1, 0, 0, 0, 1, 0, 0, 0
89.75, 2.5, 3.7, 79.26, 4.4, 5.5, 0, 0, 0, 0, 0, 1, 0, 0, 0, 0, 0, 0, 1, 0, 0, 0, 0
89.75, 2.5, 3.4, 87.72, 3.3, 5.5, 0, 0, 0, 0, 0, 1, 0, 0, 0, 0, 0, 0, 0, 0, 0, 0, 0
86.71, 3.7, 5.9, 67.76, 6.8, 9.2, 1, 0, 0, 0, 1, 1, 0, 0, 0, 0, 0, 0, 0, 0, 0, 0, 0
116.15, -1.4, 0.7, 95.17, 2.5, 3.8, 0, 0, 0, 0, 0, 0, 0, 0, 0, 0, 0, 0, 0, 0, 0, 0, 0
90.77, 2.1, 2.8, 89.75, 2.5, 4.5, 0, 0, 0, 0, 0, 1, 0, 0, 0, 0, 0, 1, 1, 0, 0, 0, 0
88.74, 2.9, 3.6, 85.69, 4.0, 6.1, 1, 1, 0, 0, 0, 1, 0, 0, 0, 0, 0, 0, 0, 0, 0, 0, 0
89.75, 2.5, 3.5, 87.72, 3.3, 5.2, 0, 0, 0, 1, 0, 0, 0, 0, 0, 0, 0, 0, 1, 0, 0, 0, 0
87.72, 3.3, 4.6, 84.68, 4.4, 6.6, 0, 0, 0, 0, 0, 1, 0, 0, 0, 0, 0, 0, 0, 0, 0, 0, 0
89.75, 2.5, 3.3, 88.74, 2.9, 4.7, 0, 0, 0, 0, 0, 1, 0, 0, 0, 0, 0, 1, 1, 0, 0, 0, 0
81.29, 3.7, 5.1, 75.2, 6.0, 7.7, 1, 0, 0, 0, 0, 1, 0, 0, 0, 0, 0, 0, 0, 1, 0, 0, 0
89.75, 2.5, 3.4, 77.23, 5.2, 7.0, 0, 0, 0, 0, 1, 1, 0, 0, 0, 0, 0, 0, 1, 0, 0, 0, 0
0, 0, 0, 87.72, 3.3, 3.9, 0, 0, 0, 1, 0, 1, 0, 0, 0, 0, 0, 0, 1, 0, 0, 0, 0
90.77, 2.1, 3.7, 80.28, 4.1, 5.8, 0, 0, 0, 0, 0, 0, 0, 0, 0, 0, 0, 1, 0, 1, 0, 1, 0
97.2, 1.7, 3.5, 88.74, 2.9, 5.0, 0, 0, 1, 1, 0, 0, 0, 0, 0, 0, 0, 0, 0, 0, 0, 0, 0
79.26, 4.4, 6.7, 80.28, 4.1, 5.4, 0, 0, 0, 1, 0, 1, 0, 0, 0, 0, 0, 0, 1, 0, 0, 0, 0
88.74, 2.9, 3.4, 86.71, 3.7, 5.3, 0, 0, 0, 0, 0, 0, 0, 0, 0, 0, 0, 0, 0, 0, 0, 1, 0
89.75, 2.5, 4.1, 86.71, 3.7, 5.1, 1, 0, 0, 0, 1, 1, 0, 0, 0, 0, 0, 0, 0, 0, 0, 0, 0
87.72, 3.3, 4.3, 74.19, 6.4, 7.8, 1, 0, 0, 0, 0, 0, 1, 0, 0, 0, 0, 0, 0, 0, 0, 0, 0
90.77, 2.1, 3.5, 88.74, 2.9, 5.7, 0, 0, 0, 0, 0, 1, 0, 0, 0, 0, 0, 1, 0, 1, 0, 0, 0
90.77, 2.1, 4.0, 88.74, 2.9, 4.4, 1, 1, 0, 0, 0, 0, 0, 0, 0, 0, 0, 0, 0, 0, 0, 0, 0
88.74, 2.9, 3.8, 87.72, 3.3, 5.4, 0, 0, 0, 0, 0, 1, 0, 0, 0, 0, 0, 0, 1, 0, 0, 0, 0
80.28, 4.1, 5.7, 73.17, 6.8, 9.2, 1, 1, 0, 0, 0, 0, 0, 0, 0, 0, 0, 0, 0, 1, 0, 0, 0
80.28, 4.1, 5.2, 78.25, 4.8, 6.7, 1, 1, 0, 0, 0, 0, 0, 0, 0, 0, 0, 0, 0, 1, 0, 0, 0
81.29, 3.7, 4.9, 78.25, 4.8, 6.4, 1, 1, 0, 0, 0, 1, 0, 0, 0, 0, 0, 0, 0, 0, 0, 0, 0
81.29, 3.7, 4.7, 86.71, 3.7, 5.6, 1, 1, 0, 0, 0, 0, 0, 0, 0, 0, 0, 1, 0, 0, 0, 0, 0
80.28, 4.1, 4.5, 78.25, 4.8, 7.0, 1, 1, 0, 0, 0, 0, 0, 0, 0, 0, 0, 0, 0, 1, 0, 0, 0
71.82, 5.2, 7.9, 73.17, 6.8, 10.2, 0, 0, 0, 0, 0, 0, 0, 0, 0, 0, 0, 0, 0, 1, 0, 0, 0
89.75, 2.5, 3.3, 76.22, 5.6, 7.2, 0, 0, 0, 0, 0, 0, 0, 0, 0, 0, 0, 0, 0, 0, 0, 0, 0
89.75, 2.5, 3.2, 79.26, 4.4, 5.4, 0, 0, 0, 0, 0, 0, 0, 0, 0, 0, 0, 0, 0, 0, 1, 0, 0
89.75, 2.5, 3.1, 0, 0, 0, 1, 1, 1, 0, 0, 0, 0, 0, 0, 0, 0, 0, 0, 0, 0, 0, 0
89.75, 2.5, 3.5, 76.22, 5.6, 7.0, 1, 0, 0, 0, 0, 0, 0, 0, 0, 0, 0, 0, 0, 1, 0, 0, 0
97.2, 1.7, 3.7, 78.25, 4.8, 6.6, 0, 0, 0, 0, 0, 0, 0, 0, 0, 0, 0, 0, 0, 0, 0, 0, 0
68.77, 6.4, 7.6, 80.28, 4.1, 5.2, 0, 0, 0, 0, 0, 0, 0, 0, 0, 0, 0, 0, 0, 0, 0, 0, 0
98.21, 1.3, 2.8, 85.69, 4.0, 5.0, 0, 1, 0, 0, 0, 1, 0, 0, 0, 0, 0, 0, 1, 0, 0, 0, 0
89.75, 2.5, 3.1, 88.74, 2.9, 5.7, 1, 0, 0, 0, 0, 0, 0, 0, 0, 0, 0, 0, 0, 1, 0, 0, 0
98.21, 1.3, 3.2, 97.2, 1.7, 3.9, 0, 0, 0, 1, 0, 1, 0, 0, 0, 0, 0, 0, 0, 0, 0, 0, 0
98.21, 1.3, 2.4, 86.71, 3.7, 4.7, 1, 0, 0, 0, 0, 0, 0, 0, 0, 0, 0, 1, 1, 0, 0, 0, 0
89.75, 2.5, 2.9, 89.75, 2.5, 4.5, 0, 0, 0, 1, 0, 1, 0, 0, 0, 0, 0, 0, 0, 0, 0, 0, 0
97.2, 1.7, 2.8, 84.68, 4.4, 5.9, 0, 0, 0, 1, 1, 1, 0, 0, 0, 0, 0, 0, 0, 0, 0, 0, 0
97.2, 1.7, 3.3, 85.69, 4.0, 5.4, 0, 0, 0, 0, 0, 0, 0, 0, 0, 1, 0, 1, 0, 0, 0, 1, 0
88.74, 2.9, 3.6, 79.26, 4.4, 5.3, 0, 0, 0, 1, 0, 1, 0, 0, 0, 0, 0, 0, 1, 0, 0, 0, 0
98.21, 1.3, 2.7, 86.71, 3.7, 5.1, 1, 0, 0, 0, 1, 1, 0, 0, 0, 0, 0, 0, 0, 0, 0, 0, 0
88.74, 2.9, 4.1, 86.71, 3.7, 5.9, 0, 0, 0, 0, 1, 0, 0, 0, 1, 0, 0, 0, 0, 0, 0, 1, 0
89.75, 2.5, 4.4, 76.22, 5.6, 6.9, 1, 0, 0, 0, 0, 0, 0, 0, 0, 0, 0, 0, 0, 0, 0, 0, 0
90.77, 2.1, 2.8, 85.69, 4.0, 6.8, 0, 0, 0, 0, 0, 1, 0, 0, 0, 0, 0, 0, 0, 0, 0, 0, 0
88.74, 2.9, 4.4, 86.71, 3.7, 5.9, 0, 0, 0, 1, 0, 1, 1, 0, 0, 0, 0, 0, 0, 0, 0, 0, 0
89.75, 2.5, 2.5, 85.69, 4.0, 5.7, 0, 0, 0, 0, 0, 1, 0, 0, 1, 0, 0, 0, 0, 0, 0, 0, 0
89.75, 2.5, 2.8, 88.74, 2.9, 4.9, 0, 0, 0, 1, 0, 1, 0, 0, 0, 0, 0, 0, 0, 0, 0, 0, 0
98.21, 1.3, 3.3, 83.66, 4.8, 7.6, 1, 0, 0, 0, 0, 0, 0, 0, 0, 0, 0, 1, 0, 1, 0, 0, 0
98.21, 1.3, 2.9, 86.71, 3.7, 4.7, 0, 0, 0, 1, 0, 0, 0, 0, 0, 0, 0, 0, 0, 0, 0, 0, 0
90.77, 2.1, 2.4, 77.23, 5.2, 6.6, 1, 1, 0, 0, 0, 0, 0, 0, 0, 0, 0, 0, 0, 1, 0, 0, 0
89.75, 2.5, 3.8, 85.69, 4.0, 5.4, 0, 0, 0, 1, 0, 0, 0, 0, 0, 0, 0, 0, 0, 0, 0, 0, 0
87.72, 3.3, 5.0, 77.23, 5.2, 7.8, 1, 0, 0, 0, 0, 0, 0, 0, 0, 0, 0, 0, 0, 1, 0, 1, 0
89.75, 2.5, 3.7, 88.74, 2.9, 5.5, 0, 0, 0, 0, 1, 0, 0, 0, 0, 0, 0, 0, 0, 0, 0, 1, 0
87.72, 3.3, 4.6, 86.71, 3.7, 6.1, 0, 0, 0, 0, 0, 1, 0, 0, 0, 1, 1, 0, 0, 0, 0, 0, 0
88.74, 2.9, 3.1, 79.26, 4.4, 4.9, 0, 0, 0, 0, 0, 1, 0, 0, 0, 0, 0, 0, 0, 0, 0, 0, 0
88.74, 2.9, 4.4, 77.23, 5.2, 7.3, 0, 0, 0, 0, 0, 1, 0, 0, 1, 0, 0, 0, 0, 0, 0, 0, 0
98.21, 1.3, 2.8, 79.26, 4.4, 5.2, 0, 0, 0, 1, 0, 1, 0, 0, 0, 0, 0, 0, 0, 0, 0, 0, 0
88.74, 2.9, 3.9, 86.71, 3.7, 6.1, 1, 0, 0, 0, 1, 0, 0, 0, 0, 0, 0, 0, 0, 0, 0, 1, 0
89.75, 2.5, 3.1, 80.28, 4.1, 5.7, 0, 0, 0, 1, 0, 1, 0, 0, 0, 0, 0, 0, 0, 0, 0, 0, 0
79.26, 4.4, 4.8, 78.25, 4.8, 6.3, 0, 0, 0, 0, 0, 1, 0, 0, 0, 0, 0, 0, 0, 0, 0, 1, 0
98.21, 1.3, 3.0, 87.72, 3.3, 4.9, 0, 0, 0, 0, 0, 1, 0, 0, 0, 0, 0, 0, 0, 0, 0, 1, 0
0, 0, 0, 81.29, 3.7, 4.3, 0, 0, 0, 0, 1, 0, 0, 0, 0, 0, 0, 1, 0, 0, 0, 1, 0
86.71, 3.7, 5.0, 84.68, 4.4, 7.7, 1, 0, 0, 0, 1, 0, 0, 0, 0, 0, 0, 0, 0, 0, 0, 1, 0
88.74, 2.9, 4.5, 80.28, 4.1, 6.0, 0, 0, 0, 0, 0, 1, 0, 0, 0, 0, 0, 0, 0, 0, 0, 0, 1
88.74, 2.9, 3.6, 78.25, 4.8, 6.6, 0, 0, 0, 0, 1, 1, 0, 0, 0, 0, 0, 0, 0, 0, 0, 1, 0
86.71, 3.7, 4.7, 84.68, 4.4, 6.3, 0, 0, 0, 0, 0, 0, 0, 0, 0, 0, 0, 1, 1, 0, 0, 0, 0
90.77, 2.1, 2.7, 89.75, 2.5, 5.2, 0, 0, 0, 1, 0, 1, 0, 0, 0, 0, 0, 0, 1, 0, 0, 0, 0
98.21, 1.3, 2.7, 77.23, 5.2, 6.6, 0, 0, 0, 0, 1, 1, 0, 0, 0, 0, 0, 0, 0, 0, 0, 0, 0
97.2, 1.7, 3.2, 86.71, 3.7, 5.0, 0, 0, 0, 1, 0, 0, 0, 1, 0, 0, 0, 0, 0, 0, 0, 0, 0
90.77, 2.1, 4.4, 78.25, 4.8, 6.4, 1, 0, 0, 0, 0, 0, 0, 0, 0, 0, 0, 0, 0, 0, 1, 0, 0
89.75, 2.5, 3.3, 86.71, 3.7, 5.7, 0, 0, 0, 0, 0, 0, 0, 0, 0, 0, 0, 0, 0, 0, 0, 0, 0
89.75, 2.5, 3.9, 75.2, 6.0, 8.4, 1, 0, 0, 0, 0, 0, 0, 0, 0, 0, 0, 0, 0, 1, 0, 0, 0
88.74, 2.9, 3.8, 86.71, 3.7, 5.8, 0, 0, 0, 0, 0, 0, 0, 0, 0, 1, 0, 0, 0, 1, 0, 1, 0
98.21, 1.3, 2.4, 87.72, 3.3, 4.1, 0, 0, 0, 0, 0, 1, 0, 0, 0, 0, 0, 0, 0, 0, 0, 0, 0
88.74, 2.9, 3.4, 87.72, 3.3, 4.8, 0, 0, 0, 1, 0, 0, 0, 0, 0, 0, 0, 0, 1, 0, 0, 0, 0
89.75, 2.5, 4.3, 0, 0, 0, 0, 0, 0, 0, 0, 0, 0, 0, 0, 1, 0, 1, 0, 0, 0, 1, 0
99.23, 0.9, 3.1, 88.74, 2.9, 5.5, 0, 0, 0, 0, 0, 0, 0, 0, 0, 1, 0, 0, 0, 1, 0, 0, 0
88.74, 2.9, 3.6, 80.28, 4.1, 5.2, 0, 0, 0, 1, 0, 0, 0, 0, 0, 0, 0, 0, 1, 0, 1, 0, 0
79.26, 4.4, 4.7, 79.26, 4.4, 6.2, 0, 0, 0, 0, 0, 1, 0, 0, 0, 0, 0, 0, 0, 0, 0, 1, 0
87.72, 3.3, 4.3, 76.22, 5.6, 6.8, 0, 0, 0, 0, 0, 1, 0, 0, 0, 0, 0, 0, 0, 0, 0, 0, 0
98.21, 1.3, 1.9, 88.74, 2.9, 3.9, 0, 0, 0, 1, 0, 0, 0, 0, 0, 0, 0, 0, 0, 0, 0, 0, 0
88.74, 2.9, 4.2, 86.71, 3.7, 6.4, 1, 1, 0, 0, 0, 0, 0, 1, 0, 0, 0, 0, 0, 0, 0, 0, 0
89.75, 2.5, 2.8, 85.69, 4.0, 5.7, 1, 1, 0, 1, 0, 0, 0, 0, 0, 0, 0, 0, 0, 0, 0, 0, 0
98.21, 1.3, 2.0, 86.71, 3.7, 4.7, 0, 0, 0, 0, 0, 0, 0, 0, 0, 0, 0, 0, 0, 0, 0, 0, 0
88.74, 2.9, 3.9, 85.69, 4.0, 5.2, 0, 0, 0, 1, 0, 0, 0, 0, 0, 0, 0, 0, 0, 0, 0, 0, 0
80.28, 4.1, 5.2, 78.25, 4.8, 7.3, 1, 1, 0, 0, 0, 0, 0, 0, 0, 0, 0, 0, 1, 0, 0, 0, 0
89.75, 2.5, 4.0, 0, 0, 0, 1, 1, 0, 1, 0, 0, 0, 0, 0, 0, 0, 0, 0, 0, 0, 0, 0
89.75, 2.5, 3.5, 86.71, 3.7, 5.1, 0, 0, 0, 0, 1, 0, 0, 0, 0, 0, 0, 1, 0, 0, 0, 1, 0
89.75, 2.5, 3.8, 87.72, 3.3, 5.8, 1, 0, 0, 0, 1, 0, 0, 0, 0, 0, 0, 0, 0, 0, 0, 1, 0
89.75, 2.5, 2.7, 89.75, 2.5, 4.6, 0, 0, 0, 0, 0, 0, 0, 0, 0, 1, 0, 0, 0, 0, 0, 1, 0
89.75, 2.5, 3.1, 76.22, 5.6, 6.6, 1, 1, 0, 0, 0, 0, 0, 0, 0, 0, 0, 0, 0, 1, 0, 0, 0
86.71, 3.7, 4.3, 95.17, 2.5, 4.5, 0, 0, 0, 1, 0, 1, 0, 0, 0, 0, 0, 0, 1, 0, 0, 0, 0
97.2, 1.7, 3.5, 85.69, 4.0, 5.4, 0, 0, 0, 1, 0, 1, 0, 0, 0, 0, 0, 0, 0, 0, 0, 0, 0
89.75, 2.5, 3.5, 79.26, 4.4, 5.6, 0, 0, 0, 0, 0, 1, 0, 0, 0, 0, 0, 1, 0, 0, 0, 1, 0
0, 0, 0, 86.71, 3.7, 4.8, 0, 0, 0, 0, 0, 1, 0, 0, 0, 0, 0, 0, 1, 0, 0, 0, 0
88.74, 2.9, 4.5, 87.72, 3.3, 5.0, 1, 1, 1, 0, 0, 0, 0, 0, 0, 0, 0, 0, 0, 0, 0, 0, 0
96.18, 2.1, 2.2, 86.71, 3.7, 4.2, 0, 0, 0, 0, 0, 1, 0, 0, 0, 0, 0, 0, 0, 0, 0, 0, 0
98.21, 1.3, 2.6, 62.68, 8.7, 10.8, 1, 0, 0, 0, 0, 1, 0, 0, 0, 0, 0, 0, 0, 0, 0, 0, 0
88.74, 2.9, 5.0, 84.68, 4.4, 7.5, 1, 1, 0, 0, 0, 0, 0, 0, 0, 0, 0, 0, 0, 0, 0, 1, 0
90.77, 2.1, 2.8, 87.72, 3.3, 5.3, 1, 0, 0, 0, 0, 1, 0, 0, 0, 0, 0, 0, 1, 0, 0, 0, 0
89.75, 2.5, 4.7, 78.25, 4.8, 6.6, 1, 0, 0, 0, 0, 0, 0, 0, 0, 0, 0, 0, 0, 1, 0, 0, 0
89.75, 2.5, 3.5, 79.26, 4.4, 5.1, 1, 0, 0, 0, 0, 0, 0, 0, 0, 0, 0, 0, 1, 0, 0, 1, 0
90.77, 2.1, 4.1, 86.71, 3.7, 5.1, 0, 1, 1, 1, 0, 0, 0, 0, 0, 0, 0, 0, 0, 0, 0, 0, 0
88.74, 2.9, 4.0, 79.26, 4.4, 5.8, 0, 0, 0, 0, 1, 1, 0, 0, 0, 0, 0, 0, 0, 0, 0, 1, 0
0, 0, 0, 0, 0, 0, 0, 0, 0, 0, 1, 1, 0, 0, 0, 0, 0, 0, 0, 0, 0, 1, 0
87.72, 3.3, 5.2, 87.72, 3.3, 4.7, 0, 0, 0, 0, 0, 1, 0, 0, 0, 0, 0, 0, 0, 0, 0, 0, 0
80.28, 4.1, 5.9, 74.19, 6.4, 8.9, 1, 1, 1, 0, 0, 0, 0, 0, 0, 0, 0, 0, 0, 0, 0, 0, 0
99.23, 0.9, 3.0, 86.71, 3.7, 6.1, 0, 0, 0, 1, 0, 0, 0, 0, 0, 1, 0, 0, 0, 1, 0, 0, 0
98.21, 1.3, 2.2, 0, 0, 0, 0, 1, 0, 0, 0, 0, 0, 0, 0, 0, 0, 0, 1, 0, 0, 0, 0
89.75, 2.5, 4.6, 83.66, 4.8, 6.5, 1, 1, 0, 0, 0, 0, 0, 0, 0, 0, 0, 0, 0, 1, 0, 0, 0
89.75, 2.5, 3.2, 80.28, 4.1, 7.1, 1, 1, 0, 0, 0, 0, 0, 0, 0, 0, 0, 0, 0, 1, 0, 0, 0
88.74, 2.9, 4.3, 88.74, 2.9, 5.6, 0, 0, 0, 1, 0, 0, 0, 0, 0, 0, 0, 0, 0, 0, 0, 0, 0
96.18, 2.1, 2.4, 0, 0, 0, 0, 1, 0, 0, 0, 1, 0, 0, 0, 0, 0, 0, 0, 0, 0, 0, 0
89.75, 2.5, 3.1, 86.71, 3.7, 5.4, 1, 0, 0, 1, 0, 0, 0, 0, 0, 0, 0, 0, 0, 0, 0, 1, 0
97.2, 1.7, 3.0, 87.72, 3.3, 5.3, 1, 0, 0, 0, 1, 1, 0, 0, 0, 0, 0, 0, 0, 0, 0, 0, 0
80.28, 4.1, 5.1, 66.74, 7.2, 8.2, 0, 0, 0, 0, 0, 1, 0, 0, 0, 0, 0, 0, 0, 0, 0, 0, 0
89.75, 2.5, 3.4, 87.72, 3.3, 5.9, 0, 0, 0, 0, 0, 1, 0, 1, 0, 0, 0, 0, 1, 0, 0, 0, 0
89.75, 2.5, 3.4, 78.25, 4.8, 6.8, 0, 0, 0, 0, 0, 0, 0, 0, 0, 0, 0, 0, 0, 0, 0, 0, 0
89.75, 2.5, 2.9, 87.72, 3.3, 4.5, 0, 0, 0, 0, 1, 1, 0, 0, 0, 0, 0, 1, 0, 0, 0, 0, 0
87.72, 3.3, 5.4, 85.69, 4.0, 6.8, 0, 0, 0, 1, 1, 0, 0, 0, 0, 0, 0, 0, 0, 0, 0, 0, 0
98.21, 1.3, 3.1, 87.72, 3.3, 5.8, 0, 0, 0, 0, 0, 1, 0, 0, 0, 0, 0, 0, 0, 0, 0, 1, 0
98.21, 1.3, 1.8, 86.71, 3.7, 4.6, 0, 0, 0, 0, 1, 1, 0, 0, 0, 0, 0, 0, 0, 0, 0, 1, 0
88.74, 2.9, 3.6, 86.71, 3.7, 5.9, 0, 0, 0, 1, 0, 0, 0, 0, 0, 0, 0, 0, 1, 0, 0, 0, 0
89.75, 2.5, 3.0, 88.74, 2.9, 4.3, 0, 0, 0, 0, 0, 1, 0, 0, 0, 0, 0, 1, 0, 1, 0, 0, 0
88.74, 2.9, 4.0, 76.22, 5.6, 7.3, 0, 0, 0, 0, 0, 1, 0, 0, 0, 0, 0, 0, 0, 0, 0, 0, 1
89.75, 2.5, 4.2, 80.28, 4.1, 6.7, 1, 0, 0, 0, 0, 0, 0, 0, 0, 0, 0, 1, 0, 0, 0, 1, 0
98.21, 1.3, 2.5, 89.75, 2.5, 4.4, 0, 1, 1, 1, 0, 0, 0, 0, 0, 0, 0, 0, 0, 0, 0, 0, 0
89.75, 2.5, 3.5, 88.74, 2.9, 4.8, 0, 0, 0, 0, 0, 1, 0, 0, 0, 0, 0, 0, 1, 0, 0, 0, 0
98.21, 1.3, 2.5, 86.71, 3.7, 4.9, 0, 0, 0, 0, 1, 1, 0, 0, 0, 0, 0, 1, 0, 0, 0, 0, 0
88.74, 2.9, 3.1, 86.71, 3.7, 5.3, 1, 0, 0, 0, 0, 1, 0, 0, 0, 0, 0, 0, 0, 0, 0, 1, 0
80.28, 4.1, 4.2, 78.25, 4.8, 7.1, 0, 0, 0, 0, 0, 1, 0, 0, 0, 0, 0, 0, 0, 0, 0, 1, 0
89.75, 2.5, 3.5, 79.26, 4.4, 5.6, 0, 0, 0, 0, 0, 0, 0, 1, 0, 0, 0, 1, 1, 0, 0, 0, 0
89.75, 2.5, 3.5, 80.28, 4.1, 5.6, 0, 0, 0, 0, 0, 1, 0, 0, 0, 0, 0, 0, 0, 0, 0, 0, 0
89.75, 2.5, 3.1, 87.72, 3.3, 5.3, 0, 0, 0, 1, 1, 0, 0, 0, 0, 0, 0, 0, 0, 0, 0, 1, 0
88.74, 2.9, 4.4, 79.26, 4.4, 5.8, 1, 0, 0, 0, 1, 0, 0, 0, 0, 0, 0, 0, 0, 1, 0, 0, 0
99.23, 0.9, 1.4, 89.75, 2.5, 3.7, 0, 0, 0, 0, 0, 1, 0, 0, 0, 0, 0, 0, 0, 0, 0, 0, 0
88.74, 2.9, 4.8, 85.69, 4.0, 5.9, 0, 0, 0, 1, 0, 1, 0, 0, 0, 0, 0, 0, 0, 0, 0, 0, 0
89.75, 2.5, 3.2, 81.29, 3.7, 5.2, 0, 0, 0, 0, 0, 0, 0, 0, 0, 0, 0, 0, 0, 0, 1, 0, 0
98.21, 1.3, 2.6, 96.18, 2.1, 3.4, 1, 0, 0, 0, 1, 0, 0, 0, 0, 0, 0, 0, 0, 0, 0, 0, 0
87.72, 3.3, 4.6, 77.23, 5.2, 6.8, 0, 0, 0, 0, 1, 1, 0, 0, 0, 0, 0, 0, 0, 0, 0, 0, 0
89.75, 2.5, 3.8, 88.74, 2.9, 5.3, 0, 0, 0, 0, 0, 1, 0, 0, 0, 0, 0, 0, 0, 0, 0, 0, 0
82.31, 3.3, 6.8, 82.31, 3.3, 5.1, 0, 1, 1, 0, 0, 0, 1, 0, 0, 0, 0, 0, 0, 0, 0, 0, 0
86.71, 3.7, 4.5, 84.68, 4.4, 6.1, 1, 0, 0, 0, 1, 0, 0, 1, 0, 0, 0, 0, 0, 0, 0, 0, 0
98.21, 1.3, 2.9, 86.71, 3.7, 5.8, 0, 0, 0, 0, 0, 1, 0, 0, 0, 0, 0, 0, 0, 0, 0, 0, 1
0, 0, 0, 96.18, 2.1, 3.6, 0, 1, 0, 0, 0, 0, 0, 0, 0, 0, 0, 0, 0, 1, 0, 1, 0
88.74, 2.9, 3.7, 85.69, 4.0, 5.9, 0, 0, 0, 0, 0, 1, 0, 0, 0, 0, 0, 0, 0, 0, 0, 0, 0
89.75, 2.5, 2.7, 86.71, 3.7, 5.6, 0, 0, 0, 0, 0, 1, 0, 0, 0, 0, 0, 0, 0, 0, 0, 0, 0
88.74, 2.9, 4.8, 78.25, 4.8, 6.6, 1, 1, 0, 0, 0, 0, 0, 0, 0, 0, 0, 1, 0, 0, 0, 0, 0
88.74, 2.9, 4.0, 78.25, 4.8, 6.2, 0, 0, 0, 0, 0, 1, 0, 0, 0, 0, 0, 0, 1, 0, 0, 0, 0
88.74, 2.9, 3.7, 83.66, 4.8, 7.3, 0, 1, 0, 0, 0, 1, 0, 0, 0, 0, 0, 0, 0, 0, 0, 0, 0
80.28, 4.1, 5.5, 79.26, 4.4, 5.8, 0, 0, 0, 0, 1, 1, 0, 0, 0, 0, 0, 0, 0, 0, 0, 1, 0
89.75, 2.5, 3.0, 88.74, 2.9, 4.4, 0, 0, 0, 1, 0, 0, 0, 0, 0, 0, 0, 0, 0, 0, 0, 0, 0
90.77, 2.1, 3.1, 88.74, 2.9, 4.8, 0, 0, 0, 0, 0, 1, 0, 1, 0, 1, 0, 0, 0, 0, 0, 0, 0
89.75, 2.5, 2.9, 86.71, 3.7, 5.1, 0, 0, 0, 0, 0, 0, 0, 0, 0, 1, 0, 0, 0, 0, 0, 1, 0
98.21, 1.3, 2.4, 87.72, 3.3, 5.0, 0, 0, 0, 0, 1, 1, 0, 0, 0, 0, 0, 0, 0, 0, 0, 1, 0
89.75, 2.5, 3.3, 89.75, 2.5, 4.6, 1, 0, 0, 0, 1, 0, 0, 0, 0, 0, 0, 0, 0, 0, 0, 0, 0
88.74, 2.9, 3.3, 85.69, 4.0, 5.8, 0, 0, 0, 1, 0, 0, 0, 0, 0, 0, 1, 0, 1, 0, 0, 0, 0
80.28, 4.1, 5.2, 79.26, 4.4, 6.2, 0, 0, 0, 0, 0, 0, 0, 0, 0, 0, 0, 0, 0, 0, 0, 0, 0
87.72, 3.3, 5.5, 0, 0, 0, 0, 0, 0, 0, 0, 1, 0, 0, 0, 0, 0, 1, 0, 0, 0, 0, 0
98.21, 1.3, 2.9, 87.72, 3.3, 5.0, 0, 1, 0, 0, 0, 1, 0, 0, 0, 0, 0, 0, 0, 0, 0, 0, 0
88.74, 2.9, 3.1, 86.71, 3.7, 5.7, 1, 0, 0, 0, 1, 0, 0, 0, 0, 0, 0, 1, 0, 0, 0, 0, 0
89.75, 2.5, 3.9, 87.72, 3.3, 5.2, 0, 0, 1, 1, 1, 0, 0, 0, 0, 0, 0, 0, 0, 0, 0, 0, 0
89.75, 2.5, 3.7, 81.29, 3.7, 5.2, 0, 0, 0, 1, 0, 0, 0, 0, 0, 0, 0, 0, 0, 0, 0, 0, 0
88.74, 2.9, 3.8, 85.69, 4.0, 5.3, 0, 0, 0, 1, 1, 0, 0, 0, 0, 0, 0, 0, 0, 0, 0, 1, 0
87.72, 3.3, 4.9, 85.69, 4.0, 6.2, 1, 1, 0, 0, 0, 0, 0, 0, 0, 0, 0, 0, 0, 0, 0, 0, 0
98.21, 1.3, 2.9, 96.18, 2.1, 5.0, 1, 1, 0, 1, 0, 0, 0, 0, 0, 0, 0, 0, 0, 0, 0, 0, 0
98.21, 1.3, 2.7, 86.71, 3.7, 5.0, 0, 0, 0, 0, 1, 1, 0, 0, 0, 0, 0, 1, 0, 0, 0, 0, 0
89.75, 2.5, 4.2, 77.23, 5.2, 7.4, 0, 0, 0, 0, 1, 1, 0, 0, 0, 0, 0, 1, 0, 0, 0, 0, 0
88.74, 2.9, 4.5, 86.71, 3.7, 6.1, 1, 0, 0, 1, 0, 0, 0, 0, 0, 0, 0, 0, 0, 0, 0, 0, 0
90.77, 2.1, 2.8, 79.26, 4.4, 5.8, 1, 1, 0, 0, 0, 1, 0, 0, 0, 0, 0, 0, 0, 0, 0, 0, 0
98.21, 1.3, 2.1, 89.75, 2.5, 3.4, 0, 0, 0, 1, 0, 1, 0, 0, 0, 0, 0, 0, 0, 0, 0, 0, 0
89.75, 2.5, 3.6, 85.69, 4.0, 6.9, 0, 0, 0, 0, 0, 1, 0, 0, 0, 1, 0, 0, 0, 0, 0, 1, 0
87.72, 3.3, 5.3, 0, 0, 0, 0, 0, 0, 0, 0, 0, 0, 0, 0, 0, 0, 0, 0, 0, 0, 0, 0
98.21, 1.3, 2.7, 84.68, 4.4, 6.9, 0, 0, 0, 0, 1, 1, 0, 0, 0, 0, 0, 0, 1, 0, 0, 0, 0
97.2, 1.7, 3.3, 84.0, 6.8, 11.6, 0, 1, 0, 0, 0, 0, 1, 1, 0, 0, 0, 0, 0, 0, 0, 0, 0
86.71, 3.7, 5.0, 86.71, 3.7, 6.4, 0, 0, 0, 1, 1, 0, 0, 0, 0, 0, 0, 0, 0, 0, 0, 0, 0
89.75, 2.5, 3.5, 78.25, 4.8, 6.5, 0, 0, 0, 1, 0, 1, 0, 0, 0, 0, 0, 0, 0, 0, 0, 0, 0
99.23, 0.9, 2.2, 88.74, 2.9, 4.7, 0, 0, 0, 0, 0, 1, 0, 0, 0, 0, 0, 0, 0, 0, 0, 0, 0
89.75, 2.5, 3.4, 87.72, 3.3, 5.5, 1, 1, 0, 0, 0, 0, 0, 0, 0, 0, 0, 0, 0, 0, 0, 1, 0
99.23, 0.9, 2.7, 88.74, 2.9, 4.7, 0, 0, 0, 0, 0, 1, 0, 0, 0, 0, 0, 0, 0, 0, 0, 0, 0
80.28, 4.1, 4.8, 77.23, 5.2, 6.5, 0, 0, 0, 0, 0, 0, 0, 0, 0, 0, 0, 0, 0, 1, 1, 0, 0
88.74, 2.9, 4.0, 86.71, 3.7, 5.7, 1, 1, 0, 0, 0, 0, 0, 0, 0, 0, 0, 0, 0, 1, 0, 0, 0
88.74, 2.9, 4.7, 86.71, 3.7, 6.5, 1, 1, 0, 0, 0, 0, 0, 0, 0, 0, 0, 0, 0, 1, 0, 0, 0
89.75, 2.5, 2.7, 87.72, 3.3, 4.9, 1, 1, 0, 0, 0, 0, 0, 0, 0, 0, 0, 0, 0, 0, 0, 0, 0
88.74, 2.9, 3.6, 86.71, 3.7, 5.5, 0, 1, 0, 1, 0, 0, 0, 0, 0, 0, 0, 0, 0, 0, 0, 0, 0
89.75, 2.5, 2.8, 89.75, 2.5, 4.3, 0, 0, 0, 1, 0, 0, 0, 0, 0, 0, 0, 0, 1, 0, 0, 0, 0
96.18, 2.1, 2.8, 88.74, 2.9, 4.3, 0, 0, 0, 0, 0, 1, 0, 0, 0, 0, 0, 0, 0, 0, 0, 0, 0
87.72, 3.3, 3.6, 87.72, 3.3, 5.0, 0, 0, 0, 1, 0, 1, 0, 0, 0, 0, 0, 0, 1, 0, 0, 0, 0
88.74, 2.9, 3.8, 86.71, 3.7, 5.6, 0, 0, 0, 1, 0, 1, 0, 0, 0, 0, 0, 0, 1, 0, 0, 0, 0
87.72, 3.3, 4.3, 77.23, 5.2, 6.7, 0, 0, 0, 0, 0, 1, 0, 0, 0, 0, 0, 0, 0, 0, 0, 1, 0
98.21, 1.3, 2.4, 80.28, 4.1, 5.8, 0, 0, 0, 1, 0, 0, 0, 0, 0, 0, 0, 0, 1, 0, 0, 0, 0
